876,12624,1
1164,13800,1
1212,13540,1
1044,12916,1
1080,12484,1
764,12720,1
736,12476,1
884,12328,1
1024,12304,1
904,12744,1
916,13068,1
940,13520,1
1208,13560,1
1304,13772,1
1236,12920,1
948,12760,1
716,12324,1
948,11920,1
1228,12176,1
848,12688,1
840,12336,1
1000,12552,1
1040,12464,1
884,13108,1
988,12652,1
1036,13040,1
1176,13504,1
1052,12476,1
980,12176,1
776,12176,1
948,12180,1
1220,12568,1
900,12668,1
868,12476,1
884,12052,1
1104,12200,1
904,12708,1
768,13540,1
1044,13804,1
1288,13512,1
1348,13564,1
1476,13816,1
1248,14128,1
1096,13660,1
1012,13568,1
1072,13340,1
1100,13552,1
1472,13932,1
1476,13500,1
1024,13552,1
1068,13700,1
888,12864,1
1208,12744,1
1108,13292,1
1444,13732,1
672,13368,1
992,12868,1
1224,13152,1
1296,13056,1
692,14008,1
1940,13484,1
576,12652,1
1092,12244,1
640,12964,1
896,13692,1
1056,13752,1
1148,13348,1
1240,13648,1
852,13780,1
732,13368,1
1104,12764,1
1256,12176,1
1112,12676,1
1004,13312,1
836,14136,1
1124,13576,1
1136,13620,1
1084,13944,1
1016,13708,1
1136,13752,1
1104,14240,1
968,13576,1
836,13816,1
1056,13732,1
1064,13376,1
1272,13668,1
964,13240,1
1100,13120,1
1264,13624,1
892,13768,1
1188,13760,1
1180,13672,1
1244,12808,1
980,13024,1
828,11988,1
960,12352,1
1088,12628,1
1072,13056,1
840,12620,1
928,12420,1
1060,12488,1
872,12244,1
996,12464,1
1304,12156,1
704,11824,1
748,12960,1
1108,11980,1
1124,12984,1
652,13688,1
928,13952,1
1136,12512,1
812,12460,1
1116,12564,1
1088,12416,1
988,12380,1
888,12492,1
920,12020,1
1064,12408,1
1084,12764,1
656,12620,1
1076,12916,1
1128,13756,1
852,13404,1
920,13244,1
1156,12624,1
796,12840,1
608,12748,1
864,12904,1
972,13196,1
976,13152,1
704,13492,1
772,13580,1
1128,13376,1
1248,13656,1
948,13788,1
1152,13788,1
1084,13456,1
976,13800,1
936,13516,1
1132,13272,1
1008,13768,1
1196,13908,1
896,13604,1
1164,13664,1
960,13372,1
1272,12668,1
996,13268,1
776,12908,1
1124,12576,1
3416,11964,1
904,13364,1
936,12836,1
860,12408,1
1088,11776,1
1000,12792,1
1072,12756,1
992,13340,1
1032,13176,1
1060,12976,1
1660,13536,1
1680,13492,1
1492,13448,1
1284,13556,1
1476,13208,1
1144,14140,1
976,12312,1
164,14008,1
1036,13584,1
1312,15600,1
1352,15092,1
1444,14292,1
1524,12792,1
1576,12144,1
1532,13332,1
1480,13788,1
1580,13680,1
1860,12900,1
1680,13540,1
1412,12796,1
1104,13072,1
1324,13204,1
1064,12484,1
1024,13116,1
896,13328,1
2288,13196,1
2264,13384,1
1760,13428,1
2492,13772,1
1944,13236,1
1128,13132,1
1312,12832,1
2272,12712,1
2332,12648,1
2000,12632,1
2000,12492,1
1440,12816,1
2168,12732,1
1456,12860,1
1484,12504,1
1384,13616,1
2012,13608,1
1712,13348,1
2616,12952,1
1932,13024,1
1676,13036,1
2380,13120,1
2080,13612,1
2276,13020,1
2412,12684,1
1280,13068,1
2136,13672,1
2220,13328,1
2428,13420,1
2028,12948,1
1124,12124,1
1332,13100,1
1432,12888,1
1728,13356,1
2284,12436,1
1872,14044,1
1892,13844,1
1876,12816,1
1484,12672,1
1692,12224,1
2612,12312,1
1720,13996,1
3092,14400,1
1336,13692,1
1076,13108,1
2556,12884,1
880,12660,1
2192,12940,1
2236,13172,1
3236,12892,1
1560,12736,1
1232,12540,1
1252,13080,1
1452,13128,1
856,13656,1
1488,13024,1
2224,12732,1
1176,12368,1
2856,12304,1
2168,13368,1
1228,13996,1
1520,13152,1
564,12780,1
2280,12148,1
2088,12708,1
2476,13584,1
2076,14056,1
836,12964,1
1960,12640,1
2168,13812,1
684,12832,1
864,12448,1
2188,12896,1
992,12936,1
1720,13900,1
1284,13124,1
1708,12332,1
1700,13212,1
2208,12064,1
1136,12692,1
1564,12636,1
1688,13396,1
1500,14528,1
292,13852,1
1344,12876,1
2460,13472,1
2372,11836,1
1744,11916,1
1848,12348,1
1724,14020,1
804,13936,1
1388,13144,1
1972,13628,1
2340,13468,1
1960,12196,1
1148,11520,1
1352,12136,1
2184,13812,1
1888,13780,1
1828,12960,1
1860,13780,1
1532,13204,1
1480,11896,1
1516,11792,1
2168,13860,1
1152,14088,1
1036,13324,1
2892,12476,1
1848,13008,1
1516,12468,1
1488,13316,1
1560,14052,1
1600,13364,1
1492,12620,1
892,12296,1
1792,12812,1
804,12724,1
864,12516,1
1000,13508,1
1528,13900,1
1400,12692,1
1448,12840,1
780,13152,1
1560,12520,1
1716,12476,1
2276,12376,1
2172,13040,1
1516,13444,1
1432,12628,1
2044,13792,1
2024,13948,1
1852,13824,1
1560,13392,1
676,12444,1
1676,12740,1
2004,11932,1
1784,13184,1
1520,13836,1
792,13036,1
1516,13996,1
2052,13544,1
1288,12952,1
1764,12972,1
1340,12908,1
2304,12720,1
1232,13112,1
1648,13712,1
1284,13368,1
1432,13680,1
1624,13256,1
1708,13620,1
944,12544,1
2100,12344,1
2388,12252,1
1148,14124,1
1904,13744,1
664,12684,1
2812,12272,1
1884,13712,1
2064,12744,1
1080,13844,1
1176,13424,1
1968,13104,1
1300,12880,1
1056,13108,1
752,12812,1
1532,12792,1
1740,13688,1
904,13296,1
1444,12332,1
968,12480,1
2172,12820,1
2580,12604,1
1048,13228,1
1888,12988,1
1728,12724,1
1416,13112,1
720,13608,1
2172,12948,1
1344,13608,1
1640,13812,1
2096,12844,1
1588,13476,1
972,12800,1
1504,13108,1
1120,12656,1
428,13576,1
2328,12548,1
2124,13868,1
1172,14116,1
1720,13736,1
1232,12600,1
1448,13108,1
1816,12088,1
776,12008,1
1272,13984,1
2132,14068,1
288,13108,1
1596,12664,1
1272,13640,1
1336,11708,1
1564,12272,1
452,12872,1
188,13600,1
1048,13544,1
956,12432,1
488,13124,1
992,13256,1
304,13088,1
-16,13468,1
-316,14128,1
-28,13868,1
52,13880,1
432,14192,1
324,13920,1
932,12996,1
2504,12884,1
1072,12816,1
1600,14168,1
-288,12796,1
788,12524,1
296,13824,1
484,12556,1
928,12392,1
-260,13232,1
1500,11704,1
444,12264,1
424,12676,1
284,12360,1
32,12024,1
1228,13988,1
88,12800,1
-284,12564,1
528,12744,1
192,13136,1
1072,12640,1
436,12688,1
1176,13588,1
980,12844,1
348,13472,1
1148,13356,1
328,13336,1
1040,12352,1
160,13268,1
484,14252,1
1388,14464,1
932,13168,1
460,13700,1
1616,13592,1
820,12872,1
744,12908,1
760,13812,1
964,13592,1
156,12612,1
784,13188,1
132,13692,1
344,12752,1
464,12708,1
992,13320,1
600,12460,1
420,11904,1
628,12980,1
704,13168,1
1340,12680,1
768,13396,1
1220,13536,1
1584,12936,1
1504,13260,1
1496,13180,1
1336,12564,1
1144,12948,1
868,13568,1
904,13156,1
1440,12792,1
1448,13204,1
1056,13336,1
580,13140,1
520,13608,1
892,12700,1
556,12312,1
1084,12420,1
864,12840,1
792,13216,1
936,13060,1
1376,14100,1
800,13896,1
1032,12464,1
984,12604,1
672,12748,1
1608,12404,1
1368,12484,1
1004,12816,1
1012,12816,1
1712,12928,1
1384,13056,1
1360,13300,1
1260,13272,1
1532,13252,1
1120,12912,1
1416,12608,1
676,13420,1
1420,13332,1
1368,12940,1
1312,13404,1
1944,13264,1
1624,12536,1
1936,12184,1
2084,13460,1
1952,14384,1
1596,12072,1
1328,13208,1
2432,13324,1
4308,13912,1
2352,12512,1
2616,12268,1
2564,13276,1
1552,14672,1
2016,13764,1
1088,13748,1
1828,11684,1
1748,13388,1
1188,13468,1
908,13752,1
396,12600,1
832,11360,1
1104,11068,1
1580,11716,1
1764,12692,1
1952,12916,1
2160,11756,1
1152,9728,1
2284,10900,1
864,14144,1
1464,11940,1
468,13180,1
1648,11496,1
984,15716,1
1348,13920,1
1476,12588,1
1480,12556,1
1832,12244,1
1652,13464,1
1720,13384,1
1476,12424,1
1712,12504,1
1460,15648,1
1704,12532,1
1472,14656,1
1868,13036,1
1064,12792,1
1228,13220,1
1440,13104,1
1624,13476,1
1200,12860,1
1916,13604,1
1368,13336,1
1384,12520,1
2380,12212,1
1032,12632,1
1692,11528,1
1544,11668,1
1012,12600,1
1460,13668,1
1560,11716,1
1100,12040,1
1344,13884,1
968,13336,1
748,12632,1
756,13996,1
1128,13224,1
1252,13992,1
1424,12320,1
936,12908,1
744,14028,1
288,13404,1
448,14908,1
612,14984,1
668,13796,1
1088,14476,1
48,14260,1
360,13836,1
452,12744,1
100,12776,1
-280,12448,1
-540,12836,1
-304,12032,1
-284,12584,1
-496,12580,1
-340,12664,1
2852,11596,1
568,12940,1
-524,12844,1
228,12060,1
96,13364,1
-856,13440,1
-560,14660,1
32,13756,1
-356,13164,1
-544,11888,1
-164,12492,1
-508,12528,1
788,13148,0
1056,12632,0
880,12896,0
1028,13060,0
708,12936,0
872,12928,0
920,12740,0
1064,13528,0
1180,13040,0
776,13412,0
988,13324,0
908,12756,0
964,13136,0
1104,12988,0
784,12868,0
756,13144,0
936,12540,0
1056,13440,0
808,13048,0
948,13428,0
1116,13128,0
1064,13776,0
1072,13416,0
900,13892,0
1128,12868,0
736,12960,0
1120,13180,0
828,13300,0
948,13048,0
1016,13732,0
788,13556,0
708,12448,0
1064,12936,0
760,12860,0
892,13624,0
1036,13196,0
1240,12884,0
864,12392,0
972,13092,0
796,12708,0
856,12828,0
876,12552,0
936,13412,0
1044,13232,0
920,13740,0
1112,13204,0
848,13112,0
1016,13016,0
864,12824,0
620,12956,0
920,12324,0
772,13012,0
868,12396,0
944,12892,0
788,12664,0
936,13332,0
788,12852,0
960,13036,0
956,13916,0
1112,13024,0
1120,13352,0
1112,13244,0
1088,13716,0
1124,12984,0
1148,13664,0
796,13396,0
1140,13404,0
936,13208,0
1272,13620,0
872,13152,0
968,13016,0
1032,12732,0
704,12840,0
728,12376,0
760,13144,0
836,12656,0
964,13140,0
716,12624,0
988,12828,0
864,12636,0
840,13192,0
840,12812,0
964,13144,0
732,13372,0
916,12400,0
900,13436,0
796,12948,0
1064,13044,0
948,13224,0
1040,12924,0
868,13248,0
1064,12696,0
908,12668,0
912,13132,0
720,12420,0
840,13340,0
1052,13008,0
940,13392,0
580,13104,0
956,12748,0
792,13020,0
968,12916,0
732,13312,0
1012,12740,0
964,13336,0
1208,13484,0
828,13264,0
804,13656,0
1256,13116,0
1116,13692,0
948,13192,0
920,13476,0
1040,13208,0
1180,14000,0
2104,16544,0
-1296,13616,0
-316,16992,0
-340,14568,0
2000,9760,0
1000,13468,0
732,14740,0
324,14000,0
2580,13536,0
3412,8260,0
2020,13576,0
1132,15992,0
-116,13156,0
540,15312,0
788,15752,0
156,13852,0
-1000,16548,0
408,13160,0
152,11996,0
1144,12756,0
1572,13760,0
760,13312,0
732,11600,0
608,13384,0
12,13072,0
1340,14584,0
1460,9188,0
936,12056,0
1764,13580,0
4012,11756,0
-144,10292,0
592,9140,0
-1552,18788,0
-560,15176,0
2088,13188,0
3704,18608,0
6352,15736,0
372,16424,0
2016,13212,0
1284,11644,0
-660,15468,0
2636,12716,0
888,16472,0
3356,12616,0
2456,13480,0
1460,11748,0
1192,11876,0
2172,10224,0
892,13168,0
1180,13224,0
1008,13300,0
932,13500,0
476,13076,0
764,12876,0
1220,12728,0
828,12976,0
504,12712,0
816,12788,0
1064,12768,0
748,12728,0
416,12792,0
812,13072,0
1172,13272,0
1164,13624,0
804,13128,0
788,13236,0
1208,13052,0
972,13360,0
540,13016,0
832,13220,0
1280,13216,0
1660,13520,0
1796,13612,0
2208,12588,0
2200,12108,0
1312,13408,0
1760,12168,0
936,12240,0
1388,12748,0
1856,12704,0
1460,13980,0
1584,14012,0
1504,12196,0
1532,12684,0
2832,12360,0
1856,12772,0
1048,11416,0
2572,13700,0
1572,13948,0
1508,14668,0
344,12528,0
1012,13452,0
716,12096,0
2008,12232,0
400,12512,0
1100,12608,0
1108,12072,0
1524,12924,0
1208,13692,0
928,14244,0
1048,12584,0
1944,12532,0
2792,11988,0
2288,10692,0
2864,12728,0
4128,14428,0
-428,13480,0
796,14216,0
192,16192,0
1540,13684,0
1228,11508,0
-16,13652,0
844,13104,0
984,11184,0
1344,12768,0
1816,13232,0
1752,13232,0
1792,11464,0
2252,13556,0
168,13516,0
2404,12640,0
656,12092,0
2160,13160,0
2692,12972,0
1340,12852,0
2304,11152,0
1916,10068,0
-296,9460,0
-1124,11976,0
2020,11492,0
2116,14892,0
-1148,14700,0
1236,13456,0
468,19468,0
-216,17756,0
1456,14720,0
2396,13396,0
1196,14288,0
2464,15468,0
2928,9524,0
2964,11256,0
1488,12232,0
288,13488,0
616,9348,0
1036,9940,0
-36,12916,0
1072,14104,0
1752,14276,0
1148,15660,0
388,12272,0
-112,14008,0
-268,14024,0
184,13536,0
-336,14656,0
80,13016,0
2780,12760,0
2504,14028,0
1976,15800,0
3088,13404,0
1836,13764,0
604,13924,0
2564,13664,0
688,12216,0
424,12916,0
544,14284,0
-228,11184,0
8,11720,0
-644,11736,0
-908,11656,0
720,12316,0
1460,12556,0
1444,12852,0
1632,11164,0
2188,12052,0
352,12640,0
848,12976,0
-396,13860,0
244,12564,0
852,14216,0
1636,13344,0
2288,7956,0
2936,20708,0
1388,12812,0
1872,13948,0
80,16040,0
-624,14584,0
-880,11244,0
32,13760,0
2408,10392,0
-436,12828,0
-988,14820,0
-1292,13508,0
-3404,16620,0
-272,13592,0
-388,12764,0
-796,12888,0
0,14904,0
-1736,12628,0
980,14084,0
2164,13688,0
3584,15972,0
-160,14028,0
1872,14164,0
2520,13592,0
1408,11972,0
1252,11508,0
2280,12616,0
1640,12580,0
1816,14376,0
2764,11640,0
3036,12612,0
-308,13484,0
172,11580,0
-1800,19840,0
-2240,18888,0
-656,10080,0
-308,13768,0
-1956,15736,0
-1252,12948,0
-1080,14364,0
680,14656,0
2420,13388,0
1868,13368,0
1368,14796,0
1624,12888,0
1416,12272,0
2112,13392,0
-112,13396,0
312,13732,0
1044,14200,0
580,13252,0
760,13180,0
372,13420,0
1008,11568,0
1224,13184,0
464,15052,0
272,11852,0
860,13008,0
688,14320,0
652,13572,0
-144,11956,0
1464,10968,0
-172,12240,0
188,13308,0
396,12760,0
-156,13340,0
1816,13452,0
-708,11880,0
-708,13612,0
1336,12180,0
-764,12772,0
748,14176,0
1380,12840,0
-28,14980,0
-200,13200,0
-1352,12528,0
-540,12380,0
-880,11924,0
-484,12548,0
-132,13604,0
-404,13640,0
-128,13308,0
-1672,9856,0
380,14528,0
588,11984,0
520,13832,0
364,14152,0
156,12180,0
632,12136,0
796,12856,0
596,13244,0
1952,13492,0
1476,13116,0
1396,12928,0
1496,13068,0
724,13800,0
720,13280,0
332,12936,0
400,13152,0
184,13164,0
660,13004,0
916,13516,0
740,13348,0
1312,13904,0
716,14120,0
800,13396,0
532,13072,0
496,12824,0
784,12252,0
292,12344,0
504,12516,0
784,13616,0
836,13096,0
308,12544,0
-224,14060,0
876,12740,0
1608,11352,0
128,12984,0
-80,12176,0
-648,12884,0
-156,13216,0
344,11180,0
708,13116,0
-188,12712,0
-16,13480,0
-344,13624,0
124,14072,0
1856,13700,0
1448,12348,0
1028,12668,0
736,12504,0
980,12616,0
1388,12908,0
1360,12924,0
1016,13980,0
1152,13608,0
904,12816,0
1608,12888,0
1344,13044,0
1088,13152,0
876,12836,0
1004,12960,0
668,13004,0
1016,13048,0
1028,13308,0
516,12576,0
328,12944,0
1344,14016,0
1732,11900,0
1408,12896,0
1324,12972,0
1172,13112,0
964,13684,0
1232,12968,0
1576,13240,0
984,13500,0
984,13040,0
1272,12900,0
1260,12492,0
912,13000,0
612,14208,0
532,13052,0
972,12436,0
24,12588,0
972,12936,0
732,12928,0
1308,12808,0
1388,12872,0
1208,12980,0
676,12336,0
1168,13468,0
1228,13092,0
624,13432,0
684,13976,0
620,13744,0
1204,14004,0
1052,12916,0
220,11528,0
980,12656,0
920,14832,0
1388,13672,0
1116,13900,0
880,12908,0
140,11856,0
424,12532,0
1304,12212,0
140,12760,0
12,11976,0
532,12680,0
812,12512,0
-324,12756,0
40,12844,0
36,13132,0
28,12696,0
-188,13360,0
308,12656,0
-296,12028,0
-80,12592,0
-300,13008,0
-296,13084,0
420,12936,0
-68,13548,0
244,13024,0
604,10252,0
1036,10992,0
600,12744,0
1052,13216,0
1860,12228,0
1580,15236,0
1612,14424,0
2252,14196,0
8,12480,0
292,13176,0
408,13324,0
-76,13808,0
200,12644,0
2436,12168,0
1872,16372,0
1540,13860,0
224,12332,0
604,12296,0
648,13096,0
1564,14012,0
1972,13496,0
2148,13368,0
2068,12828,0
1668,12608,0
1392,12640,0
1596,13236,0
1668,13236,0
300,12680,0
476,13892,0
108,13340,0
580,13108,0
1032,13208,0
1336,13676,0
1388,14276,0
1756,12228,0
2328,13144,0
2524,13208,0
2072,12548,0
2300,13048,0
2508,13636,0
2256,13504,0
1956,13140,0
2352,13088,0
2172,13408,0
1264,13172,0
1020,12480,0
1200,12556,0
848,12968,0
472,12220,0
652,12524,0
172,13508,0
384,13848,0
168,13176,0
508,13716,0
640,12984,0
1108,13940,0
1856,12152,0
1012,11968,0
1336,14100,0
2140,12784,0
1584,11976,0
2292,12592,0
1560,12072,0
1892,11332,0
2064,12080,0
1592,12168,0
1120,13104,0
864,13212,0
656,13340,0
388,12908,0
420,13644,0
1276,13600,0
928,13964,0
948,13788,0
528,13220,0
736,12976,0
1024,12784,0
1248,13152,0
1452,13376,0
1532,12984,0
1872,14124,0
1648,13576,0
1152,12952,0
1100,13080,0
1180,13072,0
1748,13724,0
1804,14392,0
1704,13684,0
1556,13240,0
1508,13392,0
1144,13388,0
1048,12724,0
504,12504,0
596,12340,0
928,12968,0
976,13752,0
788,13708,0
420,13296,0
92,12972,0
-28,12768,0
1316,13208,0
984,12564,0
1052,13356,0
1048,12972,0
972,13580,0
1164,13932,0
968,12920,0
1864,13692,0
1764,12584,0
896,11052,0
2172,13948,0
1708,14000,0
1600,13540,0
1276,12528,0
1200,13764,0
720,10908,0
1052,12544,0
2056,13616,0
2128,14440,0
1792,15064,0
1440,13260,0
1136,12860,0
428,11496,0
992,12024,0
840,12556,0
728,13244,0
820,13820,0
212,12988,0
76,11696,0
200,12856,0
256,13220,0
760,13136,0
1036,14240,0
824,14788,0
960,14268,0
716,14348,0
716,14492,0
712,14012,0
1228,13720,0
1024,13252,0
1052,13332,0
1148,13564,0
1020,13132,0
1004,13076,0
844,13532,0
1260,13428,0
1180,13088,0
1176,14044,0
932,12468,0
928,12524,0
1096,12472,0
972,12996,0
604,13148,0
1368,12896,0
1016,13464,0
1052,13484,0
1076,13312,0
1212,13256,0
996,13116,0
1004,13160,0
812,13080,0
1076,12724,0
1160,12964,0
896,13184,0
1068,13544,0
900,13036,0
1036,13260,0
960,13072,0
864,13192,0
812,13180,0
904,12780,0
900,12852,0
944,13176,0
828,13000,0
916,12748,0
864,12984,0
856,12928,0
752,12724,0
1036,12768,0
1004,12924,0
1100,13260,0
756,13104,0
960,13352,0
1084,13152,0
1188,13520,0
1072,13296,0
-388,12676,0
-64,13320,0
68,13700,0
-164,13500,0
-616,13036,0
-648,12576,0
-736,12300,0
-764,11872,0
-708,12544,0
-600,12520,0
-304,12772,0
-312,12648,0
116,13232,0
452,13452,0
788,13572,0
1076,13676,0
1332,13728,0
1592,13844,0
1792,13716,0
1880,13376,0
1964,13708,0
1832,13448,0
1696,13064,0
1504,13132,0
1404,12800,0
1564,12684,0
1444,12712,0
1340,12900,0
1400,13264,0
1664,13124,0
1764,13224,0
1840,13352,0
1656,13324,0
1552,13284,0
1832,13544,0
1816,13320,0
1544,13088,0
1464,13020,0
1564,12824,0
1696,13272,0
1216,13376,0
1112,13396,0
1252,13448,0
1304,13484,0
1124,13292,0
832,13304,0
1156,13220,0
1380,13356,0
1084,13232,0
980,13200,0
1332,13300,0
1556,13420,0
1436,13176,0
1276,13164,0
1600,13008,0
1692,13304,0
1240,13348,0
1332,13488,0
1560,13236,0
1272,13616,0
1104,13328,0
1164,12780,0
1180,13096,0
1020,13052,0
956,12860,0
1316,13048,0
1208,13016,0
1112,12892,0
1364,12700,0
1460,13252,0
1164,13132,0
1372,13240,0
1252,13152,0
1252,13352,0
1244,12972,0
1424,13348,0
1176,13116,0
1180,13048,0
1196,12732,0
1144,12988,0
1264,12836,0
1384,13480,0
1120,13168,0
1280,13164,0
1376,13460,0
1204,13284,0
1200,13376,0
1288,12972,0
1180,13180,0
1420,13396,0
1256,13328,0
1056,13092,0
1192,13084,0
1300,13320,0
1288,12168,0
696,11848,0
940,12916,0
756,12760,0
956,14372,0
1404,14760,0
1216,13828,0
976,13196,0
984,12940,0
1324,12072,0
1372,12500,0
1368,11764,0
1224,11756,0
1420,13092,0
1908,13752,0
1892,14436,0
1500,14780,0
1556,14852,0
1372,14412,0
796,13620,0
1008,12420,0
644,11924,0
252,12276,0
756,12432,0
1128,13360,0
1120,13180,0
1316,13252,0
1520,13308,0
1304,13048,0
1712,13956,0
1452,13348,0
1404,12888,0
1556,12652,0
1664,12760,0
1484,13656,0
1692,13696,0
2072,13452,0
1860,13160,0
1296,13324,0
1664,13052,0
1696,12764,0
1740,12524,0
1440,12612,0
1028,12696,0
1596,12768,0
1936,13204,0
1532,12916,0
1280,12820,0
1292,12940,0
1324,12736,0
1496,12684,0
920,12804,0
1028,13028,0
1104,13396,0
1412,13152,0
1040,13152,0
1148,12852,0
1136,12596,0
1456,12896,0
1260,12804,0
976,12716,0
1232,12972,0
1380,13440,0
1328,13212,0
1020,13532,0
1744,15132,0
2124,14980,0
2644,13360,0
3280,13392,0
2596,12876,0
3008,12564,0
1612,13284,0
1292,11884,0
1756,10928,0
1280,12132,0
756,12016,0
1540,13964,0
2052,12412,0
1460,13404,0
2092,11484,0
472,12896,0
1332,15188,0
2232,14272,0
1548,15012,0
1436,13656,0
1276,13652,0
416,12528,0
692,14648,0
1508,13296,0
1216,13800,0
2004,12232,0
1772,11212,0
76,12792,0
1288,13324,0
436,11748,0
984,11376,0
468,13280,0
1156,14172,0
1428,13700,0
1540,14656,0
1196,14328,0
628,13988,0
968,13708,0
560,13296,0
1304,12972,0
2192,12228,0
1420,12316,0
1928,10024,0
1136,12196,0
1468,13768,0
1604,12556,0
1688,13400,0
480,14356,0
1352,12648,0
2252,12512,0
1604,11816,0
500,13148,0
576,13964,0
1780,12580,0
1408,13444,0
-296,13276,0
564,12936,0
-12,12884,0
1308,14072,0
1260,12932,0
1412,11672,0
1132,12152,0
1484,12656,0
1844,12064,0
2016,13244,0
1888,13776,0
1908,13104,0
1908,13796,0
1300,13216,0
1832,12896,0
1144,13868,0
1012,13540,0
1300,14092,0
1616,14732,0
1640,13340,0
820,14360,0
1444,13476,0
1608,12836,0
780,13288,0
1216,13648,0
940,12612,0
1736,12732,0
2212,12016,0
1320,12412,0
872,12036,0
704,13520,0
1424,12508,0
1520,12680,0
1344,12928,0
1700,12300,0
748,13520,0
2584,13084,0
2824,13004,0
2176,11128,0
1244,12268,0
1812,11936,0
1648,13816,0
1252,13196,0
1632,12916,0
1556,13596,0
1460,13724,0
1720,13004,0
2216,13696,0
1856,13796,0
1988,12972,0
2248,12916,0
1548,13824,0
1980,12620,0
1584,13484,0
2092,13396,0
1940,12612,0
2756,12356,0
1848,13208,0
1024,13604,0
1840,12296,0
1368,14224,0
984,13344,0
980,12960,0
892,12960,0
632,13600,0
788,12312,0
1084,11284,0
628,9888,0
-888,5920,0
-180,6104,0
2224,15300,0
-152,13892,0
-1548,15000,0
-260,17544,0
4024,18976,0
712,21996,0
-644,15480,0
-1076,19604,0
2888,12452,0
3704,10668,0
2888,12192,0
3052,8160,0
1972,10536,0
3708,7608,0
976,12028,0
2008,9552,0
1000,12016,0
2604,13504,0
1684,11144,0
1792,13832,0
2524,12168,0
1192,13960,0
84,13428,0
2072,10936,0
744,16688,0
256,14076,0
-708,12396,0
3108,13632,0
4848,15088,0
2048,14852,0
2948,14188,0
3152,12280,0
3128,11424,0
2156,9980,0
2892,14096,0
3400,3844,0
-1012,11340,0
-52,12036,0
-2236,13800,0
-32,12028,0
1832,13324,0
188,12664,0
1552,13656,0
1108,11252,0
1284,13032,0
664,13108,0
1000,14816,0
1184,14368,0
484,14872,0
-24,13164,0
-68,14332,0
40,12648,0
576,12860,0
168,13068,0
92,13400,0
-216,12088,0
52,12100,0
-1440,14544,0
-456,11836,0
-816,12856,0
-1736,14220,0
-2652,13780,0
-1604,14008,0
-2912,14384,0
-2644,13732,0
-1816,13600,0
-2100,13808,0
-2432,12508,0
-2732,13512,0
-2160,12856,0
-2200,12628,0
-2292,12500,0
-1836,12188,0
-1836,12732,0
-1428,12764,0
-1444,13680,0
-816,13716,0
-840,12844,0
-772,13312,0
-472,13408,0
-352,12852,0
-140,13124,0
-440,12908,0
-380,13540,0
-544,13428,0
-416,13592,0
-156,13144,0
-212,13140,0
-320,13572,0
268,13028,0
-208,13464,0
-248,13516,0
-176,13252,0
-324,13444,0
-396,13236,0
-448,13148,0
-716,12472,0
-712,12896,0
-512,13080,0
-332,12592,0
1336,13296,0
116,12564,0
1256,13176,0
628,13332,0
860,13384,0
740,15240,0
1056,11036,0
1264,14992,0
2004,12856,0
2108,11856,0
500,12832,0
3580,12612,0
900,13444,0
1692,15952,0
1064,13224,0
3192,14668,0
-3716,11036,0
-3844,11600,0
-3784,11640,0
-3336,11712,0
-3128,12996,0
-3684,12868,0
-3892,13516,0
-3616,13556,0
-3588,14224,0
-3044,14160,0
-2544,13700,0
-1512,14616,0
-580,14252,0
732,13000,0
1452,13972,0
1160,13644,0
604,13212,0
720,12576,0
1256,12216,0
760,12708,0
892,13332,0
932,13328,0
1080,12924,0
1080,13816,0
1656,13468,0
1612,12844,0
2056,12524,0
1900,12480,0
1344,12096,0
1360,12676,0
1576,12824,0
1460,13256,0
1236,12356,0
1540,13000,0
1700,12536,0
1288,13456,0
1360,12912,0
1364,13072,0
1188,13876,0
716,13696,0
1368,12908,0
1640,13552,0
1896,12968,0
924,13112,0
972,13456,0
848,13584,0
1228,13992,0
836,13588,0
1164,13216,0
1368,13340,0
1692,13976,0
2596,13312,0
2508,12872,0
2592,12544,0
2788,13084,0
2428,13212,0
2596,13008,0
1724,13132,0
2092,13884,0
1928,13328,0
1904,13228,0
2336,13088,0
1956,13104,0
1696,13320,0
1408,13576,0
1924,11068,0
1764,12620,0
1920,12744,0
1604,12508,0
1864,12884,0
1872,12364,0
1668,13576,0
1828,12568,0
1948,13044,0
1968,13116,0
2216,12924,0
2508,14552,0
2196,13436,0
2356,13688,0
2340,12948,0
2860,12336,0
2680,12360,0
2708,13788,0
2864,13540,0
2540,12024,0
2648,14768,0
2632,12728,0
2712,13544,0
2160,13852,0
2056,13744,0
2252,12660,0
2564,13024,0
2652,12736,0
2016,14336,0
1336,12952,0
2136,14364,0
1076,11828,0
2332,11532,0
2120,13152,0
212,13108,0
252,15868,0
1416,10824,0
1184,14988,0
1308,13596,0
1872,11312,0
976,13168,0
-212,14192,0
1648,14204,0
788,11776,0
784,13180,0
268,13224,0
36,10588,0
460,13260,0
-84,12028,0
-144,12728,0
-192,13668,0
192,14488,0
-168,13016,0
264,13316,0
144,12180,0
-188,13368,0
-696,12824,0
-176,11928,0
596,13688,0
-552,13260,0
112,11396,0
356,13256,0
876,11056,0
756,12080,0
476,13904,0
1300,13620,0
1044,12976,0
664,13032,0
568,13164,0
-316,12988,0
-216,12476,0
-64,12872,0
1524,12472,0
724,11992,0
376,13012,0
1584,13136,0
1576,12072,0
372,11600,0
1860,12624,0
1372,11644,0
2016,10764,0
1984,12460,0
1476,12824,0
1072,16252,0
688,14420,0
-240,12100,0
248,13176,0
-632,15548,0
-20,12324,0
580,11592,0
72,10696,0
1724,13260,0
1224,13088,0
-580,14812,0
-44,14884,0
328,12980,0
952,10832,0
2360,14036,0
1768,13504,0
960,13376,0
948,13296,0
1556,12616,0
1308,11980,0
1732,12088,0
1784,12952,0
2600,14960,0
2140,14500,0
1100,13112,0
1676,13852,0
1260,13024,0
1372,12216,0
1756,11656,0
3152,15516,0
1748,12748,0
2400,12884,0
2796,12832,0
2756,14412,0
1668,14424,0
1980,13560,0
1620,14276,0
1148,12984,0
644,12740,0
496,11792,0
992,12240,0
1084,12460,0
1020,13720,0
1808,14848,0
2420,13312,0
2160,12608,0
740,14260,0
2328,13308,0
3036,11160,0
2844,11316,0
164,13820,0
-248,15248,0
-52,15064,0
1244,13480,0
1652,13140,0
-160,11572,0
-396,15512,0
-348,13580,0
580,14088,0
1424,15236,0
-24,12516,0
612,13100,0
1316,13992,0
-916,16912,0
-1032,15336,0
2404,13760,0
1896,13504,0
1804,11052,0
2540,13212,0
2604,11404,0
1920,13440,0
912,13260,0
1100,13492,0
588,13500,0
732,12624,0
1324,14076,0
1668,14020,0
2340,12408,0
2028,12232,0
1584,12988,0
2428,12348,0
2460,12800,0
2024,12940,0
2568,12520,0
2352,10908,0
1224,14304,0
2224,15740,0
2676,13164,0
1952,13000,0
592,13356,0
948,11428,0
1716,13616,0
2644,13716,0
1132,11476,0
1236,13460,0
3052,15664,0
3432,11268,0
3508,12460,0
1548,12540,0
1956,15024,0
-436,14736,0
968,15580,0
624,13516,0
1956,16640,0
2144,15200,0
3984,12388,0
888,12368,0
1296,14388,0
1240,14196,0
-212,15128,0
1792,13104,0
880,13800,0
1168,14792,0
2024,12028,0
1092,13448,0
1236,13144,0
1216,12704,0
172,12948,0
1980,14920,0
604,14308,0
1632,13184,0
1520,13864,0
652,12256,0
1668,12460,0
2932,12208,0
3068,11356,0
3164,13600,0
2740,13108,0
3080,13228,0
1404,13132,0
1136,12984,0
996,12016,0
1324,12768,0
2300,13440,0
948,12132,0
1052,15220,0
680,11196,0
1164,15280,0
2000,12212,0
1596,12172,0
1736,13368,0
1540,11208,0
2232,12744,0
2548,12592,0
1756,13096,0
888,11740,0
1756,12964,0
1988,14800,0
1840,14536,0
904,12712,0
1552,13272,0
1248,11680,0
1332,11212,0
1820,11848,0
128,10128,0
780,7860,0
296,13732,0
-348,10948,0
624,11496,0
416,12276,0
-624,13572,0
1764,13600,0
1288,17456,0
1800,16968,0
708,17100,0
884,20904,0
992,15356,0
2356,19380,0
1256,18044,0
772,9644,0
3096,8960,0
2816,6572,0
436,8372,0
-744,14884,0
-1508,9012,0
-2784,11056,0
732,11396,0
180,7628,0
1272,12908,0
560,14448,0
1004,10764,0
-836,12308,0
1352,14592,0
-596,17504,0
2464,18264,0
3296,16684,0
4132,17644,0
880,13900,0
748,17120,0
736,16084,0
2736,14336,0
624,13764,0
-16,14168,0
-64,13476,0
584,11200,0
1480,13092,0
108,12328,0
2120,11736,0
1444,12584,0
1620,13768,0
-576,12548,0
680,13060,0
1932,14960,0
1444,12724,0
1052,12820,0
2052,14336,0
1620,13932,0
556,12860,0
60,12676,0
1932,14280,0
624,11800,0
720,13348,0
216,11516,0
636,12908,0
900,13368,0
388,13372,0
588,13188,0
1480,12512,0
376,13464,0
1168,12116,0
636,12520,0
1008,14044,0
1144,11964,0
1616,13556,0
552,12816,0
2164,13860,0
696,13880,0
1428,13704,0
644,13072,0
604,13236,0
464,12332,0
820,13136,0
652,13816,0
1308,12484,0
648,13060,0
1216,13524,0
704,12656,0
1020,14188,0
468,13072,0
1424,12576,0
1304,13272,0
680,12820,0
1144,15080,0
396,12244,0
732,14412,0
588,13348,0
744,12468,0
832,13536,0
920,14464,0
1000,11892,0
756,13572,0
1304,12472,0
2212,13436,0
1796,12492,0
1840,13048,0
1184,12924,0
1564,12980,0
1680,12936,0
1452,13532,0
1284,12496,0
1884,13360,0
1044,11896,0
1876,13200,0
1824,12220,0
1564,13020,0
1944,12528,0
1840,13260,0
4600,14808,0
1036,12028,0
1640,12804,0
1356,12796,0
1536,11792,0
1068,12256,0
1648,12580,0
1216,12228,0
1608,13608,0
956,11912,0
724,13516,0
1376,13160,0
1160,13208,0
1560,13660,0
1228,12532,0
1972,12304,0
1576,12804,0
1864,13120,0
2260,13280,0
1548,12216,0
1208,13332,0
928,13180,0
1840,13004,0
1308,12588,0
1252,13788,0
1044,12528,0
1476,13888,0
1624,12716,0
2048,13644,0
1692,13184,0
1368,13180,0
1444,13260,0
1944,13576,0
1928,12192,0
1780,13052,0
1792,13252,0
1420,13232,0
2072,13440,0
1296,13996,0
1208,12312,0
1112,13348,0
164,13800,0
308,12884,0
36,14340,0
1100,13148,0
1560,12884,0
1384,13660,0
1012,13300,0
780,13076,0
1028,12784,0
1140,13264,0
1332,12908,0
1584,13068,0
2196,13716,0
1140,14176,0
1336,13700,0
1432,13336,0
2160,12820,0
2048,13612,0
2628,13032,0
1972,13712,0
1156,14520,0
1404,14656,0
1568,14176,0
2080,13788,0
1352,13008,0
1440,14044,0
1268,11704,0
2096,13712,0
2220,13116,0
1480,13108,0
1348,13044,0
1852,12764,0
2256,13428,0
1580,14008,0
1236,13260,0
1600,12344,0
2620,13856,0
1752,12916,0
1552,13620,0
1248,11796,0
2292,13404,0
2480,13724,0
1992,13880,0
1408,11588,0
2600,14024,0
1252,13860,0
568,12116,0
588,13736,0
280,12540,0
184,13812,0
260,12872,0
748,13996,0
168,12968,0
1388,13512,0
1444,11928,0
1748,11992,0
2252,11508,0
2744,13168,0
780,13012,0
484,12804,0
412,13140,0
328,13360,0
760,13288,0
704,13344,0
1124,13860,0
892,13276,0
840,13172,0
976,13180,0
1272,13144,0
764,12908,0
964,12820,0
1276,12988,0
832,13464,0
784,13584,0
1148,13468,0
876,12640,0
780,12996,0
1076,13900,0
972,13564,0
952,13360,0
792,12540,0
520,13200,0
624,13108,0
808,12984,0
800,13304,0
1192,12744,0
1132,12580,0
508,12444,0
560,12820,0
612,12996,0
360,13396,0
696,14132,0
1104,13144,0
1108,13420,0
1300,13476,0
1208,11996,0
616,12648,0
660,13012,0
1020,12964,0
788,13224,0
436,13128,0
732,13320,0
1172,12532,0
740,12848,0
576,13080,0
836,13012,0
580,13364,0
1132,13140,0
1268,13392,0
1056,12096,0
1236,12592,0
1008,12920,0
1200,12668,0
436,12584,0
1200,12056,0
892,14220,0
516,11988,0
1092,13984,0
1448,12916,0
1168,14504,0
1388,13056,0
1452,12724,0
-408,11816,0
-1088,12492,0
-288,12880,0
-876,13492,0
-776,12840,0
-396,12892,0
-188,13788,0
-1008,13108,0
-1024,12896,0
-464,13916,0
-976,13684,0
-1984,13292,0
-1488,13216,0
92,13800,0
-756,15084,0
-2112,10860,0
-324,12924,0
-744,11392,0
-308,13136,0
-416,13428,0
-748,14560,0
3044,13244,0
1540,12708,0
-1036,13460,0
-572,13000,0
740,12572,0
1416,13924,0
484,9988,0
-1620,13156,0
-1340,13232,0
-1008,13424,0
-936,13692,0
-324,13308,0
-100,13588,0
44,12956,0
472,12936,0
700,12700,0
696,13296,0
680,12740,0
404,13024,0
452,13188,0
620,13284,0
596,13244,0
768,13232,0
824,13320,0
1140,13148,0
1084,12716,0
1168,12684,0
980,13132,0
1204,13260,0
900,13284,0
1008,13284,0
1160,13292,0
1088,13264,0
1116,13292,0
1180,13428,0
1072,13248,0
976,13304,0
1084,12896,0
964,12828,0
1272,13016,0
1272,13352,0
1052,13248,0
836,13356,0
1004,12556,0
1532,13660,0
1224,12988,0
1572,13572,0
1508,12880,0
1500,12820,0
1164,12736,0
1024,14160,0
92,12448,0
-420,13072,0
468,11928,0
1176,14376,0
576,13344,0
740,13508,0
188,13352,0
-76,12808,0
4,12800,0
192,12880,0
-136,12284,0
92,12608,0
684,13536,0
760,14364,0
332,13248,0
2804,13308,0
2876,13472,0
2580,13396,0
2156,13136,0
2256,12952,0
1908,12724,0
1804,12828,0
1504,12792,0
1388,12972,0
1336,12900,0
1364,13224,0
1276,13204,0
1480,13292,0
1316,13148,0
1372,13444,0
1352,13148,0
1148,13336,0
1360,13088,0
1200,11384,0
792,12824,0
1292,13392,0
964,10768,0
-608,14812,0
916,12856,0
1776,11688,0
1056,11092,0
1468,11004,0
380,11956,0
624,14520,0
968,15092,0
2548,12904,0
1224,14436,0
1564,16364,0
1416,14296,0
1780,13572,0
1256,15196,0
1572,14340,0
1156,13748,0
1612,13712,0
696,13892,0
1892,13536,0
2648,14456,0
1448,13216,0
2484,13884,0
1792,13256,0
2088,11976,0
2964,14268,0
2748,13800,0
1844,13396,0
2580,13432,0
2704,12204,0
4124,13052,0
3448,11920,0
2280,13568,0
2240,13596,0
3424,12804,0
1820,13020,0
1728,12488,0
996,14188,0
2300,12476,0
1420,11828,0
864,12220,0
1724,12140,0
1060,13484,0
2164,14628,0
2184,13436,0
828,15356,0
2536,11820,0
1988,11468,0
2964,11844,0
724,14352,0
1752,14328,0
2920,12432,0
1948,12816,0
2376,13864,0
1468,12136,0
2036,12128,0
624,14932,0
2212,14748,0
1760,11980,0
984,13904,0
2216,14692,0
1364,14360,0
2172,13696,0
1620,12308,0
3868,13232,0
1540,13412,0
848,11996,0
2124,11784,0
2540,13140,0
2268,12676,0
2584,12916,0
4180,11252,0
2424,10016,0
3864,10728,0
4624,13648,0
1872,13856,0
5544,14400,0
-1036,18020,0
-4340,17660,0
-1548,18056,0
568,10544,0
3172,11732,0
2060,11920,0
3072,12704,0
2404,9892,0
5096,10292,0
1120,8148,0
4120,8360,0
2660,17908,0
468,13080,0
1752,7812,0
2644,15176,0
1116,12272,0
2580,10096,0
-552,10952,0
-1420,10172,0
-548,16792,0
24,11928,0
132,12688,0
-1088,12604,0
3108,12436,0
-428,14616,0
-2024,11196,0
-380,14664,0
-1052,14604,0
-1812,11120,0
-1172,14248,0
-1580,12028,0
-2264,13124,0
-1280,12972,0
-1756,13360,0
-3104,11760,0
-756,14256,0
-2984,12948,0
-2632,13788,0
-3388,13436,0
-2120,13236,0
-2128,13008,0
-2584,14436,0
-1980,14268,0
-2508,13508,0
-1984,13284,0
-2256,12612,0
-2012,13340,0
-2384,12448,0
-2680,13268,0
-2508,12624,0
-2436,13880,0
-2016,13580,0
-1060,13592,0
-1588,13008,0
-1068,13220,0
-576,13940,0
-540,13008,0
-460,11556,0
-556,12348,0
-404,13504,0
-144,14164,0
-960,12912,0
-2760,11992,0
-496,11576,0
-336,13192,0
-1012,13280,0
-684,12716,0
-1116,12696,0
-1100,13532,0
-228,14072,0
-324,13784,0
96,14580,0
-884,15372,0
-508,12428,0
-340,12648,0
-700,13764,0
-488,14240,0
-188,13180,0
-176,12276,0
220,12200,0
456,12356,0
788,13928,0
976,14572,0
844,14144,0
544,13132,0
308,11788,0
496,11992,0
512,12284,0
660,12360,0
692,12504,0
832,12652,0
964,13568,0
768,14428,0
816,12872,0
752,13116,0
416,12292,0
420,12228,0
728,12976,0
1012,13600,0
1064,13800,0
1036,14076,0
976,13972,0
1028,14276,0
768,13872,0
736,13400,0
560,12808,0
436,12516,0
576,12644,0
860,13420,0
1000,14312,0
932,14140,0
1024,13920,0
940,13536,0
840,13216,0
872,12580,0
712,12376,0
632,12528,0
712,12972,0
1068,13596,0
1108,13984,0
1008,13512,0
632,12568,0
508,9188,0
3292,11960,0
-828,13184,0
348,12844,0
-540,12740,0
1084,12748,0
876,12892,0
1144,13024,0
1204,12996,0
704,13016,0
712,12928,0
488,12028,0
920,12348,0
972,12712,0
956,13976,0
768,13544,0
800,13188,0
248,12700,0
1024,13144,0
1008,13228,0
1448,13336,0
1192,13016,0
1200,12372,0
808,12752,0
2260,11152,0
1216,12168,0
1048,14988,0
652,14172,0
600,15000,0
948,11416,0
1032,12676,0
1608,12960,0
1180,13728,0
1228,13920,0
1012,13136,0
320,12480,0
2012,10532,0
1684,12140,0
928,12816,0
532,12752,0
-320,14824,0
932,11940,0
1000,12548,0
1480,13792,0
1420,12848,0
1056,12608,0
968,13124,0
1256,12808,0
1396,12912,0
1064,12704,0
1000,13116,0
1492,13160,0
1748,13320,0
1696,13720,0
1464,13380,0
1208,13324,0
1748,9056,0
660,15492,0
936,13740,0
1092,13312,0
596,12580,0
1036,12548,0
1460,12852,0
1852,13772,0
1296,13972,0
584,13636,0
764,12988,0
1684,12076,0
2136,12876,0
1768,13528,0
1940,14400,0
2560,12420,0
1052,14440,0
2144,12208,0
1436,15824,0
-220,10708,0
736,10444,0
848,13196,0
928,12184,0
756,13596,0
2180,11692,0
892,14276,0
1136,14032,0
1268,14012,0
676,13716,0
1516,13204,0
1200,14020,0
948,12984,0
1216,12980,0
832,12724,0
624,13704,0
1540,12944,0
2628,12972,0
184,13664,0
1236,13572,0
704,12056,0
-1968,12384,0
1592,12628,0
304,11308,0
244,11932,0
28,12820,0
248,14912,0
784,12152,0
724,13360,0
488,13036,0
496,12800,0
676,12500,0
532,13000,0
336,12544,0
436,12412,0
936,12480,0
1244,12832,0
960,13264,0
1392,13172,0
1376,13992,0
1224,13880,0
1380,13056,0
776,12656,0
504,12456,0
688,13024,0
1140,13108,0
1168,13224,0
780,13352,0
-688,13508,0
1132,13420,0
1860,13364,0
604,12916,0
180,12844,0
724,12856,0
1132,13204,0
1496,13348,0
1300,13308,0
392,15004,0
876,14712,0
1100,14536,0
1072,12864,0
152,11732,0
936,11952,0
1064,13248,0
1128,13908,0
872,13680,0
1112,13676,0
1360,14092,0
1104,13656,0
916,13548,0
768,13464,0
1164,12900,0
1048,12952,0
1284,12776,0
1380,12608,0
784,12868,0
556,13164,0
772,12836,0
1148,13072,0
1060,13052,0
800,13056,0
648,12952,0
952,12940,0
1104,13028,0
1404,12736,0
1312,13456,0
1156,13684,0
1148,13200,0
940,12696,0
1188,12992,0
960,12472,0
776,12520,0
732,12324,0
996,12672,0
784,13928,0
816,12792,0
948,13204,0
1260,12784,0
880,13136,0
956,13004,0
1104,13288,0
796,13088,0
644,12668,0
1092,12604,0
1056,13332,0
1308,13580,0
920,13828,0
1100,13696,0
1008,13396,0
1152,13188,0
1104,12824,0
976,12928,0
948,13032,0
1200,12720,0
1268,13324,0
1272,13640,0
696,13964,0
832,13348,0
1156,12944,0
1256,13248,0
1072,13108,0
2792,15068,0
740,12016,0
1164,13480,0
1320,13340,0
1320,13716,0
656,14016,0
1292,13616,0
1440,13536,0
1152,12920,0
1032,12628,0
764,12840,0
996,13060,0
1056,12996,0
1292,13556,0
1572,13612,0
1048,13404,0
1164,13312,0
1464,13304,0
1396,13524,0
1084,12848,0
1032,12972,0
1144,12720,0
1140,12892,0
1108,13404,0
1108,13256,0
944,13548,0
1012,13576,0
312,13592,0
1064,14628,0
848,14104,0
792,13512,0
748,12972,0
836,12924,0
1040,13068,0
1252,13520,0
1240,13748,0
1100,13648,0
880,12772,0
1096,12584,0
1276,15684,0
304,14244,0
964,13260,0
1084,12396,0
1056,12844,0
884,13608,0
892,13300,0
1196,13528,0
1156,13484,0
992,13288,0
1036,12688,0
928,12808,0
544,13124,0
1064,12736,0
1164,12924,0
1280,13172,0
912,12744,0
872,13596,0
1604,12560,0
1288,12936,0
1404,13348,0
1392,12500,0
1416,14332,0
2024,10868,0
1736,16352,0
1032,16204,0
1520,14380,0
1768,11384,0
644,16368,0
192,12900,0
188,16192,0
1120,12312,0
1324,12316,0
808,13612,0
1608,12712,0
1156,13404,0
1288,13716,0
1064,13596,0
1004,13640,0
1084,13000,0
968,13088,0
864,12444,0
812,12472,0
972,12976,0
1208,13340,0
1232,13784,0
1072,13900,0
796,12796,0
868,12904,0
952,12588,0
928,12488,0
1188,12804,0
728,13412,0
1032,12996,0
1208,13356,0
1208,13992,0
900,13488,0
884,12932,0
828,12668,0
796,12448,0
920,12744,0
344,11024,0
892,12448,0
1148,13160,0
1232,13052,0
1052,14064,0
624,13576,0
796,12556,0
1172,12944,0
1056,12540,0
992,12976,0
540,12388,0
1136,13020,0
1620,13400,0
1228,13564,0
384,15716,0
1052,13380,0
1440,12892,0
1000,13184,0
992,12404,0
1444,13660,0
1364,13780,0
992,13420,0
1172,13336,0
1560,13304,0
1292,13612,0
1232,13104,0
1228,13096,0
1336,12672,0
1284,12896,0
1432,13496,0
1584,14424,0
2784,16524,0
1700,12372,0
2628,16688,0
1000,15804,0
1080,11108,0
1248,13800,0
1460,12456,0
1424,13056,0
1936,12664,0
1460,13160,0
1344,13248,0
1288,12720,0
1736,13008,0
1812,13220,0
1596,13104,0
1420,12008,0
1164,13180,0
1096,14028,0
952,13332,0
936,12872,0
972,12396,0
948,12532,0
1280,13300,0
1152,13740,0
980,13764,0
1316,13532,0
1108,13836,0
1028,13976,0
788,13160,0
1232,13076,0
1568,12628,0
972,13796,0
868,12888,0
648,12576,0
772,12988,0
1212,13620,0
1112,13656,0
1180,14076,0
1108,14020,0
876,13976,0
1224,13248,0
1148,13448,0
1224,13204,0
860,12920,0
804,12628,0
900,13036,0
1296,13064,0
884,12552,0
904,12520,0
940,12584,0
1168,12956,0
1028,13344,0
888,13464,0
648,14024,0
980,13632,0
928,13796,0
1184,12628,0
872,13048,0
1020,12836,0
784,12816,0
892,12824,0
928,12816,0
1156,13280,0
1404,12764,0
1164,13868,0
1128,13224,0
908,12924,0
712,12596,0
832,12572,0
1344,12888,0
1232,13272,0
1356,13332,0
1276,13536,0
928,13688,0
1292,14296,0
1036,13524,0
1028,13124,0
832,12368,0
528,12680,0
736,13156,0
1628,13604,0
1116,13624,0
1080,12628,0
1548,13804,0
1848,12576,0
908,13028,0
2616,16972,0
1056,13248,0
1076,14132,0
1516,12992,0
1524,10740,0
884,11888,0
1408,12284,0
1092,13496,0
776,13476,0
928,13236,0
744,12764,0
1136,12860,0
1116,12608,0
852,12700,0
892,12644,0
1012,13984,0
1112,13660,0
812,13356,0
784,12256,0
776,12244,0
2728,12424,0
1328,11972,0
940,12608,0
992,12856,0
908,13356,0
1276,13232,0
1488,13668,0
1280,13816,0
1044,13140,0
804,12800,0
2976,17396,0
4968,20368,0
4380,21892,0
3432,21100,0
2844,18676,0
3172,15508,0
1592,14008,0
972,14860,0
-4324,19228,0
1860,15260,0
1236,16172,0
1292,18948,0
2300,20664,0
1592,21636,0
2792,20400,0
3088,18372,0
4012,16384,0
4368,19700,0
3544,20432,0
1924,18248,0
3268,18092,0
2636,16036,0
2700,14156,0
764,15700,0
1652,14228,0
1400,15984,0
2052,19180,0
2096,20192,0
4364,21884,0
8112,19204,0
1200,18320,0
3000,20132,0
3432,17388,0
2168,14244,0
2288,16564,0
2608,16500,0
1332,15812,0
2484,15944,0
2408,16768,0
-432,14972,0
1056,20320,0
936,19572,0
2996,21752,0
2372,23288,0
3984,21248,0
3692,19864,0
1988,16984,0
1864,14708,0
3408,15036,0
2184,13200,0
1924,14844,0
2500,16340,0
2124,17664,0
2068,17264,0
2580,17652,0
1584,19692,0
2216,18960,0
2760,19164,0
1668,20396,0
1892,18588,0
2168,16476,0
1304,17956,0
1624,17608,0
-492,17252,0
-388,17696,0
-112,17480,0
1292,17688,0
408,17868,0
24,18480,0
1492,18632,0
1148,19876,0
2232,20728,0
2184,18784,0
-824,16936,0
760,17868,0
708,16032,0
-860,15956,0
-1636,15144,0
-1636,14332,0
712,13228,0
-708,15964,0
-140,16420,0
-384,17256,0
-76,19800,0
1132,20132,0
328,21380,0
1400,18876,0
596,18052,0
2060,19072,0
956,17972,0
2064,14480,0
408,13712,0
1204,14680,0
904,15196,0
740,16252,0
388,16928,0
104,19020,0
532,18436,0
680,19492,0
904,19540,0
1344,18544,0
2732,17480,0
2008,17384,0
2840,18200,0
3184,17768,0
4236,19084,0
4248,20532,0
2808,22392,0
3264,19476,0
2164,16164,0
2252,15452,0
1612,15040,0
1288,12900,0
2060,15816,0
1536,16444,0
1608,15360,0
1872,16624,0
2300,18260,0
1888,19264,0
1880,21840,0
2088,23244,0
2376,19168,0
2704,18348,0
1844,17288,0
2376,15936,0
2132,15448,0
2320,15320,0
2756,15380,0
2684,14772,0
2776,16196,0
1648,18168,0
3760,19492,0
3048,20272,0
2584,18008,0
1760,17804,0
2108,16484,0
2808,17932,0
2288,16920,0
1844,16212,0
1480,15020,0
1928,16012,0
1416,16848,0
1832,17336,0
2420,18744,0
1556,20372,0
2400,20860,0
1560,19756,0
2472,17352,0
1992,17208,0
2080,16040,0
2968,17332,0
3068,15508,0
2116,16120,0
1756,16472,0
2016,16924,0
1168,17372,0
2268,17204,0
1924,9736,0
1888,11844,0
3116,12856,0
1460,16964,0
6000,16848,0
7448,19352,0
4252,23620,0
5820,25220,0
7920,19972,0
5476,20328,0
3908,18104,0
5300,14004,0
4148,11520,0
5176,12860,0
2984,14312,0
4236,15376,0
4136,16288,0
4880,17552,0
4164,18820,0
4476,20448,0
3572,18688,0
2344,14392,0
0,14692,0
2316,18184,0
1444,16376,0
1024,16608,0
0,16948,0
924,15792,0
924,16236,0
1696,16020,0
1392,17092,0
1288,18628,0
1684,19980,0
2116,20668,0
2576,20060,0
468,22104,0
2068,18468,0
1332,17668,0
1932,16612,0
3924,16932,0
1508,15680,0
2500,15640,0
1880,14584,0
1956,15104,0
912,16872,0
648,16192,0
432,18312,0
0,19236,0
0,19556,0
1064,14804,0
2112,16868,0
2844,16320,0
2612,17844,0
2932,18444,0
4496,18952,0
4720,20668,0
4080,22080,0
3472,19396,0
4368,14832,0
2260,17008,0
1324,14864,0
388,15940,0
796,13268,0
1676,14200,0
1272,16584,0
1548,17692,0
2216,20044,0
1980,20312,0
2084,21564,0
2672,21096,0
2636,18440,0
3068,16440,0
2420,16284,0
2488,16556,0
1540,14384,0
2352,13632,0
1804,16176,0
1956,17704,0
1844,17968,0
2188,18540,0
2780,19360,0
1900,19340,0
2560,17804,0
2120,17512,0
4368,20792,0
3720,17760,0
2280,17072,0
2332,16404,0
1808,15928,0
1492,15456,0
2044,14436,0
1348,15908,0
1620,15532,0
1992,17460,0
1232,19420,0
3152,21900,0
32,20620,0
1692,18264,0
2052,18180,0
2440,17220,0
2300,17964,0
2952,16116,0
2560,15748,0
2788,17080,0
4220,18108,0
3700,21452,0
4420,20392,0
2388,18732,0
3904,19748,0
3140,17840,0
2356,16968,0
1288,15764,0
2688,14736,0
1924,15488,0
1148,16292,0
1792,18124,0
1216,18504,0
1812,17564,0
1528,18260,0
1980,16608,0
3144,19812,0
1992,20208,0
1484,19496,0
832,17604,0
1808,17368,0
1332,16724,0
2604,15808,0
2092,15992,0
1044,16364,0
2332,17860,0
2632,17216,0
2092,16988,0
1908,17664,0
1956,18032,0
1696,17812,0
2296,22900,0
996,15624,0
956,16124,0
2164,19244,0
1736,17844,0
516,14012,0
0,14404,0
1604,15056,0
232,16092,0
1136,15792,0
1752,17644,0
1272,18200,0
1948,19500,0
1120,20668,0
2088,21004,0
1340,19336,0
1720,17628,0
1692,16364,0
1600,16208,0
1912,18252,0
2344,16864,0
1960,14964,0
2060,15352,0
1924,15968,0
0,17292,0
1164,16672,0
0,18100,0
0,18892,0
0,18832,0
3380,18672,0
3892,18972,0
3588,20324,0
3768,21620,0
3588,19156,0
2420,17076,0
2116,16632,0
2136,15248,0
576,14504,0
592,14816,0
792,15212,0
1912,15568,0
1856,16140,0
2412,18584,0
1636,19916,0
2156,21700,0
2576,21276,0
516,19568,0
2924,19436,0
2660,18852,0
2744,15032,0
2472,15316,0
1616,15980,0
0,15824,0
1044,16520,0
2420,15956,0
1800,16136,0
1448,18952,0
1992,18208,0
2376,18920,0
3108,18148,0
2176,18720,0
2308,19800,0
3124,17012,0
2236,16376,0
2264,17600,1
424,15408,1
1076,13428,1
332,12160,1
308,11328,1
0,13416,1
1312,14372,1
172,15628,1
2532,18316,1
2388,20316,1
2600,22952,1
4676,22852,1
1888,25056,1
5172,23952,1
4252,17688,1
2384,13248,1
1600,10936,1
1656,10376,1
708,11404,1
2608,13924,1
1652,13896,1
2288,18172,1
1644,20044,1
1084,21688,1
2948,22680,1
1608,22816,1
3316,22624,1
3560,20424,1
3408,17928,1
3440,16752,1
2340,14820,1
2436,15124,1
2732,19308,1
1412,14180,1
864,14532,1
0,12928,1
876,13896,1
2184,15524,1
1584,16028,1
3532,18320,1
3800,21356,1
3732,24468,1
4080,24024,1
3252,21456,1
4140,16416,1
2272,14112,1
2484,11000,1
1544,12360,1
1344,14220,1
1336,16212,1
1556,17736,1
976,19412,1
2384,19712,1
1300,20864,1
2956,19936,1
2960,18976,1
3472,18912,1
3288,17964,1
2660,16776,1
2564,16000,1
1944,16912,1
2972,17836,1
2184,17432,1
2492,17192,1
2824,16272,1
2684,16696,1
2780,17136,1
2160,17740,1
2252,18040,1
2548,18072,1
2972,17740,1
2804,17364,1
2676,17192,1
2748,17748,1
3268,16844,1
2972,17568,1
3280,17280,1
3396,17728,1
3012,17332,1
3232,16848,1
3300,18224,1
3440,18076,1
3664,18140,1
2708,17856,1
3344,17332,1
2552,16832,1
3628,17040,1
2764,16740,1
3092,16932,1
2836,18064,1
3520,17772,1
3256,17148,1
2220,17968,1
2764,17804,1
2656,16628,1
2368,17600,1
3372,17644,1
2628,17504,1
2836,17280,1
2732,17304,1
2732,17116,1
2788,17212,1
2656,16032,1
2068,16312,1
4672,17328,1
4532,17104,1
3776,19036,1
2904,21496,1
5664,22456,1
4396,18840,1
4036,19748,1
7852,21324,1
4848,18068,1
1788,21520,1
9644,7796,1
4456,13832,1
4016,15468,1
1264,16308,1
348,18780,1
2856,22688,1
1704,21672,1
3476,23020,1
2456,19988,1
5992,23324,1
4688,18040,1
2384,16780,1
2164,11272,1
3248,14620,1
2044,13520,1
2420,14124,1
1028,16884,1
556,19076,1
2244,19324,1
772,20352,1
2052,18360,1
1212,18500,1
2992,20668,1
2044,15952,1
1644,17632,1
2228,17284,1
3676,16220,1
1884,14736,1
2400,17684,1
16,19912,1
1756,19252,1
1088,16992,1
1924,18632,1
2568,16132,1
340,14980,1
0,18296,1
0,16620,1
1588,16616,1
1792,18092,1
2184,19420,1
2544,16368,1
2076,17748,1
2796,17844,1
2008,15960,1
784,18380,1
1008,16032,1
1212,19668,1
1120,19552,1
1348,18604,1
2364,17180,1
1320,15944,1
1064,18464,1
2192,15804,1
0,19920,1
1480,17020,1
3264,17264,1
1844,18916,1
1144,19472,1
1100,18212,1
2192,18036,1
1548,18796,1
340,17788,1
436,17820,1
2160,15032,1
1604,16820,1
2156,19660,1
0,16696,1
1776,19104,1
2176,18864,1
636,18608,1
1300,18172,1
2292,18304,1
2756,15596,1
824,15720,1
3352,16596,1
0,17776,1
1588,16516,1
1332,17256,1
0,18684,1
1988,18236,1
2496,19404,1
2144,18868,1
3028,17632,1
864,20088,1
1404,14808,1
220,15104,1
0,14784,1
1556,17936,1
512,15736,1
376,18796,1
2652,19144,1
3108,19620,1
3956,16680,1
1684,16904,1
1808,15828,1
2172,16496,1
128,17356,1
452,18152,1
0,21464,1
0,19960,1
0,17696,1
424,18028,1
2160,16200,1
3744,15668,1
880,18008,1
132,20400,1
1788,17000,1
1020,16536,1
1208,19344,1
1756,17796,1
1532,16184,1
2456,17796,1
1744,20256,1
2312,18804,1
3060,21264,1
900,16588,1
452,16244,1
1320,15416,1
540,17912,1
2256,12200,1
260,13748,1
1144,18656,1
2896,19324,1
1124,18856,1
1756,18428,1
3124,20164,1
1800,17996,1
2236,17652,1
2600,17276,1
2160,16804,1
2344,16824,1
40,17984,1
508,16988,1
0,15004,1
0,17524,1
300,18276,1
812,19668,1
2204,17320,1
1628,18676,1
2668,18484,1
2012,18956,1
2504,18552,1
1912,17732,1
2508,15620,1
2268,19244,1
1244,16444,1
2024,17364,1
2448,16480,1
220,17176,1
156,17168,1
1016,19228,1
924,17928,1
0,17772,1
1788,16848,1
0,17708,1
3412,17472,1
0,20872,1
464,19896,1
0,16876,1
1508,15096,1
0,17804,1
2080,15700,1
960,18672,1
1200,18928,1
1500,18772,1
752,19092,1
576,19332,1
0,17252,1
396,18868,1
2932,17864,1
2984,18092,1
3560,17496,1
2636,16084,1
984,16296,1
1624,17236,1
1776,17488,1
3244,17276,1
1892,18704,1
2320,19128,1
1892,18464,1
3244,15716,1
2740,18564,1
2016,18028,1
2048,18032,1
2396,18152,1
2908,18152,1
2388,17712,1
2416,18136,1
2360,17668,1
1916,17628,1
2192,16900,1
2860,17620,1
1436,14880,1
2120,16376,1
1868,17328,1
2924,19112,1
2616,18988,1
2668,16724,1
3020,18828,1
1704,15672,1
2596,18048,1
2220,19840,1
3620,20368,1
976,18752,1
1680,17388,1
3104,20224,1
1052,15768,1
0,13960,1
4856,14600,1
1884,16656,1
3052,18324,1
616,20716,1
1672,18424,1
2392,20392,1
1732,20364,1
4120,13912,1
2364,17036,1
2132,15732,1
4088,16788,1
1456,14908,1
4000,16768,1
4416,17692,1
3892,18636,1
5492,18896,1
6540,17988,1
4828,15260,1
5588,16728,1
5956,16260,1
5084,15456,1
3968,17768,1
3784,18328,1
4944,18272,1
3760,18044,1
4468,18036,1
4644,17260,1
4508,16932,1
5644,15788,1
4888,15824,1
4620,18176,1
5408,18108,1
3716,17008,1
4080,15892,1
4316,16672,1
6240,16940,1
5364,16452,1
4208,16648,1
2316,17528,1
408,17336,1
972,15104,1
1464,15972,1
2312,16616,1
3272,20108,1
4036,20248,1
1992,18504,1
2520,16320,1
1192,15136,1
384,14148,1
1604,13984,1
1488,14940,1
2108,15300,1
848,18000,1
2336,21032,1
1868,22812,1
1424,19284,1
4400,16024,1
3628,15284,1
1548,14540,1
2516,15708,1
1180,16456,1
1924,18292,1
2228,17072,1
5064,18368,1
2720,19492,1
0,16704,1
3732,14464,1
1448,16932,1
3752,16420,1
848,17136,1
2360,18088,1
2828,17120,1
2088,19196,1
3260,17496,1
2784,16908,1
5096,17704,1
3364,18800,1
3076,15532,1
2776,17556,1
3012,18424,1
2888,18416,1
2972,18248,1
2140,17528,1
4860,15396,1
3180,20080,1
2948,19164,1
2996,18184,1
4116,18580,1
3888,17604,1
3792,17660,1
5720,17484,1
2344,17592,1
3708,18076,1
3772,18372,1
6036,14932,1
4212,16576,1
4872,15444,1
3300,17084,1
4268,17260,1
3492,18648,1
5052,17204,1
3388,18196,1
4280,17248,1
5188,17976,1
3392,17612,1
4060,17596,1
3496,17872,1
4028,16912,1
4148,17444,1
3352,18008,1
3384,16780,1
2344,17644,1
2784,17676,1
2848,17688,1
3112,17848,1
2820,17724,1
2076,17356,1
2060,16820,1
2048,16816,1
1512,16708,1
764,16072,1
1584,16272,1
804,16012,1
432,16152,1
1592,16368,1
1372,17228,1
1272,18024,1
928,18336,1
2340,18432,1
1620,18176,1
2328,18036,1
2288,19040,1
3204,15736,1
3272,17028,1
3120,17760,1
3272,17368,1
3500,16992,1
3508,16820,1
3420,16992,1
3360,16320,1
4108,16620,1
3680,16612,1
3292,17100,1
3664,15928,1
3228,16348,1
3652,15652,1
3700,15892,1
4224,16296,1
4744,16112,1
4420,16896,1
4424,17592,1
4924,18244,1
5268,17420,1
5588,17576,1
5408,17724,1
6648,17240,1
5192,16028,1
5472,17028,1
6084,17068,1
6592,16264,1
6396,16220,1
5904,16608,1
6812,16128,1
6364,16400,1
6228,16832,1
6064,16636,1
6484,16568,1
6164,16624,1
6768,16040,1
6740,16604,1
7072,16448,1


