3324,19448,0
3360,19488,0
3608,18624,0
1456,15816,0
1680,15388,0
988,13096,0
1004,14144,0
544,14292,0
1516,15484,0
1184,15640,0
648,15608,0
1352,17568,0
824,19280,0
1840,19308,0
2044,18704,0
3160,20380,0
3396,21364,0
3160,20764,0
3496,19112,0
2196,16840,0
2304,15456,0
2656,15472,0
3088,15960,0
2548,15384,0
2808,15496,0
2240,17148,0
2444,17500,0
2228,17528,0
2412,17144,0
2308,17664,0
1948,18440,0
2268,18260,0
3616,19632,0
2504,19048,0
3504,18404,0
3740,23112,0
4072,20648,0
2988,16704,0
2964,14256,0
2208,15496,0
1368,14936,0
2320,16016,0
1668,16052,0
1984,15384,0
1924,15468,0
3060,18684,0
1300,20836,0
1516,20000,0
2256,18564,0
1204,19940,0
4824,17468,0
3128,17712,0
4256,16596,0
3548,18200,0
3992,17452,0
4680,19720,0
3880,18208,0
4020,19436,0
3268,18008,0
4668,17028,0
2492,16592,0
2864,16860,0
3496,16548,0
2376,16748,0
2628,16872,0
3200,18188,0
2740,17968,0
4448,17828,0
4068,18296,0
3216,19260,0
3552,19616,0
3024,17752,0
3352,18692,0
2380,16360,0
3680,17732,0
2520,15624,0
2580,15660,0
2680,16956,0
2140,16228,0
1884,17740,0
2012,16904,0
2008,17628,0
1400,17760,0
2220,16612,0
2940,16876,0
956,15296,0
2052,18348,0
2060,17444,0
1784,15624,0
3388,17032,0
3084,17708,0
5496,20304,0
4964,21064,0
4260,22824,0
3768,21540,0
2504,19456,0
1828,15264,0
2652,12568,0
684,15548,0
1572,12552,0
0,13560,0
800,14056,0
1096,17884,0
88,20280,0
3236,20744,0
2180,21772,0
2440,21276,0
4232,20588,0
3108,17972,0
3648,17604,0
2624,15456,0
2896,14548,0
1280,17684,0
2580,14324,0
3408,13192,0
428,15524,0
1536,17788,0
1188,17828,0
4220,18236,0
1200,19544,0
624,17896,0
980,18732,0
756,17776,0
868,19192,0
964,16572,0
2620,19316,0
1568,16308,0
1316,15940,0
3080,16972,0
432,16584,0
1228,19760,0
1712,17284,0
1592,17888,0
1344,19632,0
44,18064,0
2236,16720,0
1116,15948,0
3848,15952,0
2176,20576,0
876,19496,0
1704,15700,0
2480,18788,0
412,20092,0
0,16984,0
2080,10588,0
0,16912,0
248,14540,0
920,16340,0
900,16416,0
1148,16648,0
1340,17268,0
1436,18960,0
1532,20264,0
2120,22232,0
728,21788,0
1900,20036,0
2616,18208,0
2028,17248,0
3492,18344,0
1564,16116,0
3392,12316,0
1872,14212,0
1728,15260,0
1724,16488,0
2036,16212,0
1972,16648,0
1464,17136,0
1360,18292,0
1940,18364,0
1468,18596,0
1768,18292,0
1788,19156,0
2788,19920,0
5540,21584,0
4072,23232,0
3336,19008,0
1200,18940,0
4688,13960,0
1524,11064,0
0,15376,0
0,12208,0
2476,15096,0
740,15488,0
3324,16948,0
840,20044,0
1388,21624,0
1992,20388,0
4360,19948,0
2648,20268,0
3400,17672,0
3276,16732,0
2552,17412,0
2192,17672,0
2424,18044,0
4496,19504,0
3704,21536,0
5140,23464,0
4648,20380,0
2940,17472,0
1148,17504,0
3104,14748,0
2204,11840,0
1868,15112,0
1456,13324,0
828,15264,0
1000,16808,0
1856,17580,0
2860,18780,0
3240,20288,0
1868,22956,0
1504,22488,0
2928,19360,0
2856,16404,0
2540,17328,0
2244,16360,0
2048,15988,0
1740,14556,0
2864,14628,0
1628,15500,0
2620,16692,0
1772,16248,0
1688,18144,0
2164,18028,0
396,14996,0
1720,17244,0
3240,17788,0
1960,18516,0
2408,18436,0
5160,17656,0
2824,21320,0
4948,19600,0
3736,21320,0
5440,20996,0
3456,20664,0
1612,17692,0
2512,15516,0
668,13272,0
1236,14888,0
0,12692,0
1064,13672,0
0,14036,0
1780,15748,0
920,16544,0
1940,18408,0
2512,19136,0
3180,22308,0
3104,21692,0
3672,21384,0
5376,20708,0
4752,20076,0
3364,17564,0
1468,17936,0
1996,14720,0
1848,11388,0
1560,16520,0
0,15660,0
2616,14876,0
276,16076,0
1708,17232,0
1664,20260,0
3108,21332,0
2808,22024,0
2700,18936,0
2324,17700,0
2740,17712,0
2760,16756,0
2672,15428,0
3036,15400,0
1776,14128,0
1976,15428,0
1620,15176,0
2640,16824,0
1548,17596,0
2484,17204,0
3192,19992,0
3820,20296,0
3768,20172,0
3544,18172,0
2560,15668,0
1024,15768,0
640,15040,0
1336,14240,0
0,15728,0
524,15676,0
800,14644,0
2012,18052,0
1400,17384,0
1884,19856,0
2112,19392,0
3796,21160,0
2824,19016,0
2252,17648,0
4132,17956,0
4064,16896,0
3456,18208,0
2812,17484,0
2976,17348,0
2444,17812,0
2716,15948,0
1248,16620,0
1628,16596,0
1872,17208,0
1164,18624,0
1900,16836,0
2348,17816,0
520,15956,0
1600,17820,0
444,18636,0
1196,15912,0
0,14184,0
0,14916,0
716,15104,0
344,15544,0
1596,15668,0
1252,16636,0
1616,17672,0
1572,19184,0
2052,21168,0
1052,21200,0
0,22724,0
0,18892,0
2564,17712,0
3056,19464,0
784,16436,0
1792,18184,0
1208,13024,0
1540,14380,0
1080,15284,0
1384,16388,0
1980,16452,0
1912,16860,0
1516,18652,0
1068,19280,0
1212,19668,0
1972,19216,0
2536,18932,0
1664,19120,0
1844,18892,0
1804,19304,0
1260,16936,0
4056,18672,0
5356,20892,0
5176,22896,0
3404,20044,0
2604,18604,0
908,16808,0
1432,13324,0
1992,15208,0
608,11320,0
2568,14732,0
492,15164,0
2216,18456,0
712,20104,0
2460,21908,0
3192,19424,0
3756,20884,0
3284,17576,0
2844,18396,0
3888,17136,0
1352,20100,0
352,17932,0
2408,16876,0
1300,15780,0
908,18200,0
1492,15184,0
3568,15904,0
1028,16072,0
876,17180,0
2124,16080,0
1508,17980,0
1632,18204,0
1740,19804,0
1696,18016,0
3948,19220,0
0,21028,0
3152,17248,0
824,17280,0
2088,15504,0
2936,17056,0
2868,16772,0
3404,14640,0
1968,16560,0
1808,16028,0
1196,17788,0
1920,15660,0
1552,18488,0
1356,15860,0
1188,17244,0
1892,16636,0
1836,17264,0
1836,17792,0
2816,17960,0
1888,19368,0
2044,19988,0
3160,18548,0
2820,22256,0
424,17688,0
1604,17408,0
1344,17752,0
1148,19012,0
2452,16720,0
3324,15636,0
3524,15008,0
1124,18324,0
2820,17776,0
876,19012,0
2072,19036,0
2148,20384,0
868,17416,0
2364,15572,0
1416,14284,0
3860,17960,0
944,12808,0
1184,13260,0
1180,12856,0
1008,12712,0
1008,13096,0
1108,13324,0
1120,13380,0
1060,13428,0
1064,13188,0
1108,13268,0
1108,13216,0
952,13088,0
796,13232,0
1064,13116,0
1192,13508,0
1376,13520,0
1088,12832,0
984,13464,0
1056,13596,0
1248,13204,0
1180,13340,0
1416,13416,0
1120,13744,0
1192,13536,0
1324,13232,0
1288,13808,0
1388,13124,0
1012,13148,0
812,13168,0
912,12672,0
840,12572,0
1196,12808,0
828,13024,0
828,13028,0
1036,13160,0
1236,12900,0
768,12556,0
812,13044,0
820,13172,0
1096,13148,0
1144,13216,0
1316,13568,0
1224,13712,0
1260,13592,0
1132,13368,0
1100,13404,0
604,12756,0
284,14416,0
940,14716,0
1384,13556,0
420,14040,0
1076,14136,0
308,13392,0
1136,13468,0
1272,13664,0
1352,12912,0
1548,14124,0
1476,13020,0
1324,12188,0
396,12092,0
1480,13232,0
1332,15472,0
868,15120,0
1544,14476,0
580,13088,0
64,14476,0
2188,12412,0
1820,11896,0
1448,11452,0
0,13576,0
64,13964,0
0,13376,0
0,13748,0
0,13760,0
0,13500,0
0,13072,0
104,13332,0
104,12972,0
272,13240,0
744,12892,0
592,13000,0
588,13136,0
756,12796,0
648,12764,0
440,12960,0
608,12904,0
328,12712,0
380,13100,0
444,13152,0
492,12996,0
500,12892,0
2320,13312,0
1308,12772,0
1220,13532,0
1012,12996,0
1932,12468,0
1596,12316,0
1464,11940,0
692,13108,0
632,12772,0
1028,12492,0
1256,12756,0
1260,12880,0
952,13140,0
1360,13000,0
2096,12900,0
1632,13160,0
1696,13160,0
1232,12868,0
1404,13052,0
1676,12988,0
1964,13488,0
1488,13384,0
1208,13372,0
256,12480,0
352,13696,0
272,13884,0
664,13884,0
588,13328,0
688,13944,0
1432,13852,0
1364,13844,0
1152,13412,0
1352,13212,0
1144,13416,0
972,13040,0
1264,12684,0
1068,12872,0
1052,13324,0
1404,12688,0
1296,13736,0
1184,13068,0
1412,12860,0
1376,12832,0
1336,13832,0
1296,13556,0
1116,12988,0
1416,13304,0
1564,13520,0
1192,13336,0
1356,13012,0
1368,13308,0
1624,12976,0
1232,13404,0
1160,13016,0
920,12412,0
1184,13340,0
1004,12844,0
1876,13560,0
1388,12744,0
2076,12888,0
884,11864,0
2056,14112,0
2072,12612,0
1172,11584,0
1348,13536,0
2208,14168,0
1020,10856,0
500,11532,0
500,12964,0
2376,12780,0
632,12360,0
1812,14520,0
1008,13052,0
768,14524,0
856,12356,0
1216,11768,0
728,13692,0
840,14336,0
668,12700,0
1300,14088,0
664,12916,0
1276,13880,0
1276,13392,0
1492,13544,0
2476,13900,0
2496,13652,0
2352,13312,0
2628,12252,0
2580,12720,0
1900,12640,0
1592,13524,0
1284,13056,0
980,12788,0
1024,13144,0
1068,13108,0
1144,13356,0
1328,13152,0
1336,12988,0
1064,13028,0
1088,13120,0
996,13072,0
672,12996,0
808,13024,0
856,12868,0
1064,13012,0
1000,13080,0
1316,12952,0
736,13300,0
1720,13628,0
1716,13636,0
1020,13272,0
1352,13616,0
476,13600,0
292,13204,0
400,13188,0
496,12724,0
800,12956,0
760,13496,0
788,13620,0
1540,13756,0
1344,13988,0
1152,13536,0
324,12544,0
624,12752,0
272,12596,0
644,12300,0
356,12384,0
1240,13548,0
1688,13584,0
1236,13344,0
1172,13152,0
672,12556,0
1020,12712,0
820,12240,0
1196,13660,0
1080,13540,0
1624,13944,0
1432,12860,0
1364,12928,0
1688,13260,0
1700,13572,0
1464,13468,0
1432,13332,0
1480,13300,0
1760,13504,0
2088,13408,0
2352,13092,0
2576,13096,0
2568,12888,0
2660,12988,0
2600,12532,0
2696,12668,0
2736,12768,0
2732,12920,0
2204,12944,0
1812,12944,0
1532,13216,0
1296,13088,0
1516,13428,0
1224,13396,0
1112,13692,0
1444,13424,0
1216,13272,0
1072,13244,0
1368,13176,0
1252,13216,0
1200,13332,0
1216,12700,0
1152,13076,0
1116,12640,0
0,15032,0
1408,13180,0
1280,13236,0
1264,13348,0
1564,12908,0
3008,12632,0
3124,13260,0
2748,13420,0
2556,12892,0
2512,12920,0
2712,13340,0
2664,13532,0
2668,13744,0
2732,13524,0
3032,14112,0
2944,14484,0
2380,13544,0
1680,12288,0
2536,11584,0
2116,13508,0
1716,12848,0
1696,12756,0
2004,12680,0
1792,12760,0
1636,12584,0
1792,13356,0
1432,12928,0
1612,13000,0
1300,12712,0
1720,12984,0
1344,13244,0
1720,12988,0
1156,13124,0
1268,13008,0
1704,12864,0
1636,12860,0
1684,12892,0
1756,13212,0
1856,12080,0
724,14108,0
2368,11748,0
1556,12768,0
1264,13188,0
1660,13284,0
1944,13640,0
1668,11756,0
1480,13224,0
1704,12028,0
964,10664,0
1264,12068,0
1300,11980,0
3012,12048,0
2560,14520,0
3060,13176,0
0,16036,0
0,24172,0
0,16868,0
1636,15004,0
0,13944,0
1032,16048,0
1236,8768,0
2432,9072,0
1680,4580,0
4384,11412,0
3216,8708,0
4476,18332,0
0,17596,0
4316,18012,0
0,16964,0
0,16544,0
0,10180,0
0,15216,0
4628,15304,0
0,8644,0
4380,17516,0
3268,11640,0
1144,12324,0
2132,7912,0
3108,8856,0
3168,10536,0
3496,11276,0
836,5172,0
5468,13640,0
0,13148,0
8912,15408,0
3272,17256,0
2564,16156,0
92,16112,0
1884,14408,0
0,18352,0
0,15672,0
2960,11648,0
0,14548,0
2064,11720,0
1492,10512,0
0,10996,0
580,8548,0
624,11256,0
960,10548,0
0,16344,0
1456,13052,0
524,12968,0
3172,13640,0
888,13416,0
0,16508,0
1388,11544,0
1556,11324,0
2512,11776,0
2676,13216,0
2544,12648,0
2364,12088,0
2380,11872,0
980,13508,0
368,10568,0
2616,15680,0
2072,9400,0
0,7752,0
1836,8104,0
972,9668,0
2552,12784,0
2348,13784,0
1620,11864,0
1348,11308,0
664,13212,0
2516,12768,0
1860,14304,0
1308,13896,0
1736,13548,0
1232,12420,0
864,14428,0
952,13304,0
2340,15388,0
1664,14696,0
2012,15384,0
2068,15616,0
3124,13612,0
3600,14964,0
2996,15036,0
3876,16376,0
2408,12948,0
1924,15124,0
2000,13804,0
68,9916,0
1624,12260,0
1696,11860,0
1532,11788,0
196,12328,0
1412,16380,0
2428,13984,0
1904,13020,0
2036,13660,0
3404,13544,0
272,13468,0
1928,10352,0
832,11544,0
1492,11156,0
1616,14580,0
2712,10632,0
0,13280,0
0,13248,0
0,13756,0
0,15028,0
0,14112,0
2304,12540,0
2116,10952,0
2416,14608,0
2660,12660,0
2912,13556,0
1840,12396,0
2388,14840,0
2188,12764,0
1376,10908,0
1444,11908,0
1464,13972,0
668,12712,0
172,14580,0
936,13584,0
348,15396,0
600,11224,0
832,13460,0
796,12736,0
1000,13608,0
1548,14696,0
1284,15124,0
432,13492,0
676,12848,0
0,11800,0
0,11712,0
496,12640,0
132,12616,0
284,12424,0
264,12712,0
468,13392,0
936,14112,0
680,13276,0
992,12904,0
964,13984,0
1112,13936,0
944,13988,0
624,14840,0
840,14436,0
908,14240,0
500,13120,0
864,13452,0
2904,15372,0
2904,14476,0
2576,13596,0
2352,13160,0
1944,12960,0
2392,12576,0
1940,13124,0
2444,12412,0
880,12404,0
824,11772,0
424,12584,0
544,13160,0
48,12012,0
324,10636,0
688,11620,0
656,11720,0
1352,12560,0
1000,13168,0
1620,13736,0
1404,13240,0
1324,13760,0
1304,13600,0
1000,13472,0
1120,12860,0
1152,13504,0
1184,14052,0
1140,12920,0
1196,13040,0
1148,13808,0
1032,12780,0
772,12692,0
852,12004,0
984,12600,0
1120,13736,0
1136,13448,0
696,12980,0
1268,12496,0
1104,12848,0
848,12760,0
1380,13888,0
1724,13080,0
1344,13936,0
1096,14276,0
316,13560,0
160,13588,0
200,12668,0
112,12440,0
528,12808,0
624,14420,0
992,14376,0
1188,14088,0
832,13268,0
1064,12432,0
1124,13540,0
1788,12672,0
1456,12588,0
1240,12728,0
656,11212,0
732,12500,0
1164,14060,0
1000,14116,0
464,12876,0
216,12744,0
0,11764,0
228,11352,0
0,11196,0
308,11192,0
572,11652,0
800,12520,0
1224,13104,0
1528,14328,0
1572,15104,0
1176,14384,0
1028,13508,0
832,12792,0
1120,12876,0
1400,12756,0
3020,14132,0
3528,13012,0
2952,12220,0
3028,14124,0
3488,12364,0
3072,12188,0
3656,13444,0
3140,11420,0
3352,12996,0
3468,11696,0
3160,11680,0
3700,12996,0
3860,14596,0
3412,12696,0
3248,13164,0
2108,12600,0
1176,9708,0
3128,16832,0
748,14144,0
264,14980,0
2424,12524,0
912,15916,0
3036,13900,0
1900,14044,0
824,10476,0
1824,15608,0
2692,13508,0
0,15816,0
900,13364,0
3508,11212,0
3572,5912,0
0,16472,0
1792,13868,0
0,15424,0
0,13324,0
0,11600,0
0,15648,0
1396,10408,0
964,11188,0
1380,14756,0
1264,8416,0
0,12396,0
2452,15832,0
0,12444,0
1888,12560,0
2056,11232,0
3528,16240,0
792,11496,0
0,13016,0
0,18668,0
236,16864,0
0,13000,0
1260,13828,0
300,8240,0
2960,10288,0
4924,14920,0
5960,31208,0
3192,13676,0
3512,15280,0
2880,11168,0
2736,9660,0
1020,11400,0
1016,11512,0
340,14084,0
872,13008,0
1852,16468,0
516,12560,0
668,12824,0
988,12848,0
916,14772,0
3440,14468,0
2168,16436,0
2604,14752,0
2504,11872,0
4224,11708,0
3336,11712,0
3788,14056,0
2488,11808,0
3800,10532,0
6280,12612,0
5088,14332,0
1880,13888,0
2436,12468,0
3800,12092,0
3536,14940,0
1720,13520,0
2320,12900,0
5108,13672,0
2240,13068,0
4632,12980,0
3472,10772,0
2356,12412,0
2996,13624,0
3880,14820,0
3944,11536,0
3172,13772,0
3272,12436,0
2176,12708,0
2196,14908,0
2108,13500,0
4712,11112,0
2508,11948,0
3564,13600,0
4332,12764,0
2576,15336,0
2152,13620,0
1152,14692,0
1732,11084,0
0,14548,0
1528,10840,0
3340,12864,0
1260,13184,0
880,12536,0
32,15908,0
0,15724,0
3216,14152,0
1060,15804,0
3488,11440,0
160,14688,0
3576,11888,0
2676,12848,0
1484,16240,0
736,15280,0
860,12408,0
2540,12344,0
1740,13948,0
1700,11512,0
1272,13236,0
1244,15564,0
0,13920,0
292,8768,0
2552,16904,0
1872,12388,0
792,13120,0
972,13544,0
796,11760,0
796,14908,0
320,15560,0
596,13036,0
880,13284,0
0,12236,0
0,13468,0
1760,14100,0
632,12352,0
316,9980,0
2592,15072,0
0,14316,0
132,13552,0
2752,14788,0
0,17828,0
0,11604,0
0,12680,0
644,11764,0
0,13340,0
1584,11688,0
2124,13888,0
0,15484,0
188,13024,0
0,13028,0
0,12528,0
0,14888,0
1036,8492,0
1352,18092,0
1616,8808,0
2520,12080,0
0,10444,0
824,10916,0
1988,11248,0
3848,12148,0
828,13392,0
1180,13324,0
1224,13232,0
1208,13104,0
1396,13272,0
1584,13488,0
1028,13528,0
1036,13260,0
1100,13180,0
1280,13192,0
1432,13084,0
1340,13048,0
1184,13016,0
1084,12972,0
1048,13104,0
1076,13748,0
1412,13076,0
1232,13212,0
1112,13320,0
1172,13200,0
968,13096,0
948,13012,0
1172,13016,0
1236,13412,0
992,13224,0
908,13020,0
1068,12748,0
1004,12844,0
1108,13220,0
1292,13256,0
1000,13340,0
932,12996,0
992,13112,0
1176,13220,0
964,13068,0
940,12904,0
964,12836,0
1348,13132,0
1260,13500,0
1364,13400,0
1604,13584,0
1360,12968,0
1532,12796,0
1844,13376,0
1704,13336,0
1040,13096,0
896,13108,0
1176,12812,0
1068,13040,0
928,12816,0
1124,13152,0
1104,13068,0
1124,13072,0
1180,13212,0
1120,13292,0
960,13320,0
1048,13152,0
1012,13184,0
1132,12996,0
924,13144,0
1164,13252,0
1088,13048,0
1408,13236,0
1412,13548,0
1396,13252,0
1076,13468,0
1224,13068,0
1144,13204,0
1300,13604,0
940,13268,0
900,13292,0
976,13408,0
1332,13328,0
1188,13528,0
1032,13236,0
820,12996,0
876,12836,0
824,12908,0
1132,13248,0
1148,12976,0
716,12900,0
852,12776,0
964,13100,0
1300,13096,0
1080,12944,0
764,13384,0
1060,12816,0
972,13160,0
1028,13240,0
1412,13144,0
1068,13620,0
896,13076,0
1300,13072,0
1456,13896,0
1864,13564,0
1116,13708,0
716,12988,0
1136,12700,0
764,12856,0
1332,12964,0
1176,13308,0
928,12644,0
704,12684,0
1400,13256,0
1168,12900,0
1048,13016,0
600,12764,0
920,12824,0
1092,13044,0
1152,13488,0
1204,13204,0
716,13216,0
1024,13404,0
852,13108,0
1128,12936,0
1340,13368,0
2948,13840,0
0,11580,0
2060,13652,0
468,13452,0
1732,13624,0
980,11964,0
1784,13732,0
560,13164,0
1416,12956,0
812,13404,0
1216,13524,0
560,12712,0
1244,13112,0
1036,13172,0
1136,12880,0
1012,13188,0
1228,12956,0
1116,13028,0
1064,13100,0
1136,13420,0
952,12996,0
836,13256,0
972,12788,0
988,13276,0
768,13272,0
540,12784,0
728,12788,0
476,13072,0
776,13152,0
964,13252,0
760,13164,0
588,13248,0
740,13232,0
1028,13224,0
1012,13216,0
968,13452,0
668,13320,0
588,13248,0
664,13296,0
676,13164,0
840,13032,0
1112,13332,0
936,13208,0
724,13252,0
720,13332,0
1020,13316,0
996,13324,0
720,13700,0
904,13208,0
1352,13008,0
1336,13376,0
1464,13204,0
1400,13348,0
1084,13292,0
760,13076,0
1080,13148,0
1432,13312,0
1160,13140,0
1216,12756,0
1656,13056,0
1684,13168,0
1224,13208,0
1020,13284,0
1432,13108,0
460,13828,0
340,14096,0
604,13636,0
0,13692,0
0,14208,0
128,13448,0
0,14032,0
40,14240,0
164,14056,0
284,13584,0
860,13392,0
624,13232,0
584,13152,0
624,12992,0
716,12484,0
1056,12732,0
1308,12320,0
1608,12808,0
2020,13156,0
1940,13144,0
1392,13240,0
1504,12876,0
1680,12784,0
1604,12876,0
748,12356,0
1076,13708,0
964,12312,0
648,13092,0
840,13148,0
1184,13356,0
1316,12052,0
1352,13660,0
708,13016,0
576,11808,0
1308,14444,0
512,14020,0
1172,12676,0
0,11840,0
0,11884,0
3492,11440,0
0,14316,0
44,16292,0
1804,13396,0
1944,12784,0
476,12924,0
244,12184,0
448,13080,0
244,13600,0
644,12888,0
848,13968,0
544,13232,0
292,12760,0
740,13072,0
400,11864,0
356,12260,0
464,13828,0
644,13040,0
568,14304,0
464,13500,0
2060,12912,0
1552,12860,0
1868,13360,0
1876,13920,0
1716,13304,0
1208,12768,0
128,12848,0
1020,13144,0
684,12852,0
676,12344,0
888,13492,0
1632,12648,0
768,13288,0
352,12988,0
892,13220,0
1080,13592,0
948,13700,0
1116,13940,0
984,13700,0
1244,13372,0
848,13504,0
1428,12568,0
572,13680,0
1156,12716,0
468,13140,0
1244,13248,0
656,13168,0
632,12144,0
816,11584,0
1096,12324,0
1020,13460,0
964,13260,0
1116,13252,0
920,13688,0
1424,13144,0
1044,14100,0
1068,13280,0
1392,14272,0
1284,13032,0
740,13160,0
1148,14012,0
720,13152,0
892,12216,0
1184,13360,0
748,12764,0
592,12568,0
1228,14024,0
1200,12132,0
868,13776,0
1104,12196,0
1648,12180,0
1336,13484,0
868,13700,0
636,11808,0
412,12600,0
972,13744,0
852,12208,0
468,13952,0
772,12184,0
756,12192,0
736,13188,0
1032,12392,0
1112,12720,0
652,12356,0
944,11576,0
1268,13572,0
1128,14520,0
880,12636,0
1092,13632,0
544,13996,0
784,12460,0
340,13716,0
688,12524,0
212,12540,0
552,13260,0
756,12312,0
1152,13268,0
1324,13632,0
388,13028,0
652,12588,0
592,13644,0
732,12368,0
108,12904,0
296,12972,0
588,13188,0
960,13672,0
1368,12872,0
1164,12880,0
1144,12968,0
976,13416,0
264,13960,0
428,13612,0
472,13128,0
0,12960,0
1180,13680,0
2416,13496,0
2036,12300,0
2416,13144,0
1796,14204,0
3224,13680,0
1244,11456,0
992,12084,0
988,13188,0
1424,12400,0
260,14168,0
1048,12880,0
1280,13720,0
1004,12768,0
1656,12964,0
1440,13552,0
2060,13956,0
1484,12076,0
1392,13052,0
1140,14372,0
1868,11776,0
2080,14512,0
236,11636,0
1140,12324,0
1064,13168,0
2464,13092,0
1992,12020,0
1568,12652,0
2752,12232,0
1748,12988,0
2028,12772,0
2180,13868,0
2900,13280,0
2712,13304,0
2472,12876,0
2832,11336,0
2608,12532,0
2456,12828,0
2496,13048,0
1804,12884,0
2508,13232,0
1208,13752,0
2336,13296,0
2740,15052,0
2228,13900,0
2280,12492,0
884,13668,0
1700,10236,0
2068,12376,0
852,13224,0
2520,11784,0
0,13924,0
2136,13592,0
1608,11172,0
156,12804,0
2604,12152,0
1220,12132,0
1792,11480,0
3040,11964,0
1572,13000,0
608,12148,0
1556,14160,0
0,16572,0
0,13656,0
2076,13100,0
476,14120,0
2188,10840,0
2024,8824,0
1824,6292,0
5276,19520,0
1084,13420,0
0,19600,0
0,16652,0
0,19244,0
3432,19224,0
508,14100,0
36,10140,0
1980,12744,0
0,8676,0
936,14132,0
2980,13332,0
1088,10372,0
1344,7012,0
3188,6192,0
540,16244,0
0,14212,0
8512,15556,0
0,17824,0
660,13884,0
0,13036,0
1656,13976,0
0,15240,0
0,16592,0
1108,14428,0
0,17332,0
340,11860,0
1280,11268,0
252,10516,0
1144,11004,0
0,10444,0
1840,12540,0
0,12928,0
3092,10224,0
2984,10164,0
1744,10764,0
1688,10160,0
0,10916,0
612,15688,0
0,13940,0
876,12144,0
3404,12680,0
0,12180,0
508,10208,0
820,12000,0
0,14052,0
1160,15580,0
2644,16792,0
0,16144,0
2748,12708,0
240,12160,0
480,15072,0
0,14240,0
0,12064,0
3976,8128,0
0,9492,0
2912,8548,0
2732,8524,0
1468,11932,0
7112,8728,0
948,10800,0
0,13412,0
0,10072,0
1344,10128,0
0,13180,0
0,1380,0
632,11688,0
0,12276,0
0,11252,0
1284,12952,0
1140,12736,0
5936,12312,0
40,14360,0
2164,16848,0
0,11556,0
0,13772,0
0,16360,0
0,14772,0
0,13616,0
92,13636,0
840,13220,0
216,13112,0
0,11684,0
204,13412,0
1560,10856,0
1844,15204,0
0,14696,0
564,12772,0
820,10328,0
0,14240,0
948,13548,0
612,13716,0
768,15396,0
1700,11584,0
0,13160,0
740,11128,0
192,15020,0
0,14860,0
0,12340,0
64,11700,0
160,14140,0
164,13028,0
0,11772,0
376,13256,0
188,11980,0
268,12348,0
256,12508,0
828,14896,0
0,11380,0
948,12680,0
0,13288,0
0,14832,0
832,12020,0
0,14012,0
0,13768,0
0,10508,0
0,12992,0
0,12236,0
0,13932,0
0,14584,0
0,14276,0
352,13296,0
756,12008,0
468,13008,0
320,12712,0
1104,12524,0
872,12468,0
200,13108,0
924,13152,0
368,14404,0
1396,13880,0
696,12872,0
948,12392,0
152,13588,0
1376,13848,0
1028,12820,0
1432,12564,0
100,10888,0
724,13432,0
1008,13784,0
1044,14600,0
2160,13344,0
1660,13436,0
876,12072,0
1540,11948,0
1000,13388,0
652,13536,0
760,13864,0
1340,13120,0
1240,14252,0
1692,13676,0
1616,13924,0
1528,13448,0
1140,12656,0
1756,12676,0
324,13508,0
1096,12776,0
292,13092,0
684,12512,0
640,12644,0
1536,13800,0
788,12196,0
1572,12216,0
1216,13012,0
1436,13056,0
1968,13624,0
1444,13316,0
1336,12852,0
2208,13112,0
0,13232,0
0,13644,0
0,13544,0
0,13528,0
0,13032,0
0,12860,0
0,12788,0
0,12956,0
0,13332,0
0,13616,0
0,13656,0
60,13760,0
0,14104,0
216,14216,0
468,13656,0
136,12956,0
156,13536,0
136,12860,0
416,13204,0
584,13152,0
920,13348,0
760,12908,0
764,13272,0
804,12956,0
748,12884,0
648,12964,0
592,13160,0
588,12992,0
556,13324,0
548,12992,0
784,13520,0
880,13632,0
820,13072,0
632,13064,0
268,13064,0
756,13436,0
972,13588,0
1204,13652,0
936,13384,0
364,13340,0
20,12856,0
428,12296,0
888,12736,0
992,13396,0
424,14036,0
288,13048,0
644,13252,0
1120,13880,0
532,13916,0
244,13344,0
260,12888,0
0,12908,0
136,12888,0
192,13080,0
524,13584,0
588,13800,0
340,13312,0
184,12640,0
432,12852,0
700,13708,0
660,13164,0
220,12572,0
276,12732,0
580,13200,0
516,13604,0
612,13608,0
344,13404,0
204,12840,0
364,12788,0
300,13556,0
44,12848,0
64,12404,0
0,12524,0
316,13276,0
192,13692,0
2512,13296,0
2276,14912,0
2148,13836,0
2000,13868,0
1188,12776,0
1284,12116,0
1484,13092,0
1384,13168,0
1428,13204,0
1288,12536,0
1172,13252,0
1432,14252,0
792,14548,0
1404,12444,0
1824,14028,0
2108,11268,0
0,14084,0
0,14028,0
244,12716,0
728,11208,0
1148,14248,0
1380,12992,0
1736,10596,0
1572,15468,0
2936,11496,0
2392,11564,0
616,10592,0
1552,10480,0
3088,13364,0
0,13744,0
2880,12308,0
1588,9844,0
1924,11136,0
1260,15352,0
2352,11392,0
1440,15196,0
2388,12384,0
1856,10864,0
2956,12888,0
0,13728,0
192,14572,0
3212,15132,0
2432,13308,0
2392,14552,0
2976,12988,0
0,11792,0
2736,10460,0
2560,11880,0
596,13280,0
1400,12616,0
1680,11996,0
1408,12724,0
1636,12824,0
1132,11792,0
2032,11588,0
1596,11928,0
1732,13844,0
1328,13176,0
1972,14108,0
2312,14116,0
1192,13348,0
1236,13012,0
1080,13924,0
2720,12516,0
44,13132,0
1604,13368,0
1496,12188,0
2464,13340,0
2172,13820,0
0,11356,0
0,13356,0
44,13160,0
208,13236,0
1344,13792,0
184,12668,0
0,12956,0
0,12572,0
544,14616,0
300,13520,0
372,13080,0
1372,13652,0
0,12112,0
0,13340,0
0,14016,0
0,13408,0
0,13444,0
0,12340,0
0,12804,0
0,13912,0
0,13520,0
0,12936,0
0,13132,0
0,12556,0
0,14000,0
0,13936,0
0,11948,0
0,13576,0
0,13868,0
0,12312,0
0,13700,0
356,13904,0
0,13368,0
0,13116,0
712,12804,0
636,13228,0
376,12628,0
0,13284,0
0,14832,0
0,14640,0
0,15280,0
0,13180,0
0,13076,0
0,12612,0
0,12440,0
336,12344,0
596,13300,0
620,14056,0
2056,12688,0
2664,13428,0
1956,12748,0
480,13748,0
0,12688,0
120,12460,0
2264,13788,0
1660,13628,0
92,13876,0
0,12720,0
324,12596,0
1816,13644,0
1268,13448,0
0,13384,0
0,11984,0
0,11600,0
1012,12864,0
2196,14140,0
556,13948,0
0,12660,0
1212,12916,0
2228,14076,0
1180,13584,0
0,13556,0
1644,13552,0
1336,14332,0
76,14092,0
0,12364,0
0,12520,0
364,12716,0
1644,13548,0
2836,13648,0
2264,13892,0
1448,13264,0
1940,12016,0
2464,11400,0
2892,12588,0
3872,12708,0
0,10720,0
1488,11484,0
4088,13860,0
3972,13808,0
664,15308,0
1692,16172,0
2060,16180,0
1240,13968,0
1296,14880,0
1220,14356,0
724,12532,0
1400,13312,0
564,14464,0
520,14628,0
1468,13468,0
832,14992,0
624,14348,0
164,13488,0
1016,13752,0
124,13032,0
1360,12908,0
1432,12584,0
2004,12456,0
2120,11692,0
2220,11732,0
1892,12156,0
2496,12304,0
1748,12616,0
1768,12492,0
1892,12292,0
1568,14448,0
2084,15472,0
884,12936,0
2336,12428,0
1240,12832,0
972,14328,0
2532,12032,0
492,13844,0
2992,13844,0
2428,11820,0
40,13996,0
3364,12764,0
1816,13304,0
1800,12660,0
1664,12012,0
0,12840,0
3948,14644,0
1484,13264,0
2032,11752,0
1864,13716,0
1536,13276,0
2304,15212,0
1960,10620,0
0,10012,0
2716,10796,0
696,10816,0
1864,13044,0
4932,22556,0
2912,13444,0
3908,8308,0
3580,10252,0
2272,10376,0
2748,14608,0
600,16604,0
28,14932,0
1792,10988,0
1712,13468,0
1008,14148,0
276,11676,0
1868,13068,0
1232,13436,0
940,13840,0
1692,13676,0
936,13612,0
512,13900,0
1220,13132,0
1168,12576,0
2272,10564,0
964,12680,0
2416,12148,0
1008,12888,0
604,12520,0
1500,12188,0
1492,14584,0
256,13504,0
284,12104,0
328,12532,0
1828,14680,0
604,14256,0
2212,13568,0
92,12548,0
1688,13028,0
0,13448,0
0,12716,0
1412,12924,0
1880,12900,0
556,14792,0
0,13540,0
0,12312,0
0,12356,0
156,12816,0
108,13532,0
12,12768,0
0,12836,0
128,13124,0
0,13744,0
0,13632,0
0,12988,0
0,13520,0
64,14428,0
0,13824,0
332,12652,0
0,13548,0
0,13456,0
0,13932,0
0,13192,0
844,14032,0
608,14192,0
0,13744,0
0,13384,0
796,12284,0
0,13320,0
0,12520,0
300,12356,0
312,12616,0
0,12956,0
0,12740,0
144,13272,0
0,12248,0
0,13760,0
0,13040,0
0,12152,0
0,12500,0
0,12984,0
680,13860,0
148,13536,0
704,14000,0
516,12876,0
868,12764,0
1324,11164,0
2288,10684,0
2336,11624,0
2700,11952,0
2100,12468,0
2220,12536,0
1180,13544,0
1280,13528,0
1212,11536,0
1360,12964,0
1268,12628,0
1240,13544,0
1752,13500,0
956,13096,0
1720,12368,0
1936,13340,0
2008,12868,0
2196,12404,0
2264,13288,0
2480,14260,0
724,12424,0
2032,12400,0
640,13020,0
0,13424,0
392,11972,0
1900,13644,0
832,13680,0
0,14632,0
1132,13140,0
124,13244,0
0,13276,0
808,13600,0
876,12556,0
344,13192,0
488,13820,0
964,12324,0
0,12708,0
316,14140,0
868,12716,0
1488,13224,0
912,12560,0
468,12276,0
1232,12744,0
1468,13484,0
1232,14456,0
1204,13068,0
956,13232,0
516,13144,0
1044,12244,0
1124,13036,0
1384,12988,0
1220,13188,0
464,13684,0
2368,17076,0
148,20792,0
4620,17560,0
0,9824,0
0,11036,0
3880,12460,0
1740,12188,0
1660,13252,0
2064,13964,0
1116,12360,0
2032,12640,0
2564,13324,0
1856,12624,0
1332,12268,0
1408,12636,0
1900,12612,0
1656,13288,0
2076,12304,0
1364,12624,0
1948,13744,0
308,13692,0
0,14440,0
68,12672,0
444,11696,0
548,11984,0
880,12952,0
0,13768,0
0,13032,0
620,12028,0
0,12556,0
344,13584,0
556,12340,0
1444,12740,0
0,11980,0
0,11756,0
84,13348,0
180,14644,0
0,13208,0
0,10936,0
0,11896,0
0,13876,0
0,14520,0
0,12648,0
0,13008,0
0,12988,0
0,13968,0
0,14108,0
0,13376,0
0,13516,0
852,12456,0
1296,12652,0
1520,12916,0
1764,13128,0
1848,12940,0
1972,13104,0
2092,12692,0
1708,12988,0
1388,12960,0
1656,12336,0
1680,12620,0
1648,12532,0
1828,13016,0
2040,13784,0
2244,14172,0
2148,13484,0
1880,13580,0
1740,13304,0
1140,13248,0
1424,12080,0
1820,12024,0
2088,11708,0
2844,11636,0
120,12864,0
100,12908,0
392,13088,0
232,13320,0
440,13172,0
424,13472,0
392,12708,0
668,12948,0
608,12744,0
504,13196,0
460,13012,0
0,12736,0
0,12420,0
0,12788,0
0,13100,0
0,13104,0
0,13252,0
0,13192,0
0,13428,0
12,13304,0
456,13268,0
912,13020,0
1096,13308,0
1248,13272,0
1392,13652,0
1720,13664,0
1612,12856,0
1796,12540,0
1752,12824,0
2276,13096,0
2308,13332,0
2628,12864,0
2352,12656,0
2332,12520,0
2520,12824,0
1404,12592,0
1304,12656,0
992,12492,0
784,12920,0
740,13144,0
448,13560,0
776,13336,0
792,13412,0
1032,12992,0
1352,12844,0
1900,13072,0
2204,13164,0
2732,12488,0
0,13968,0
3736,12496,0
3736,13308,0
3328,13468,0
2628,13404,0
2588,13756,0
0,13800,0
1040,13480,0
516,13148,0
544,13596,0
1884,13792,0
1584,13664,0
2000,12424,0
2824,12800,0
2600,12876,0
2144,13240,0
1892,13048,0
1452,13656,0
1320,14004,0
1292,14060,0
932,13444,0
972,12712,0
1188,13488,0
1336,13176,0
144,12728,0
1936,12964,0
1540,12380,0
1912,12484,0
2000,12264,0
884,12696,0
2428,14380,0
1620,12916,0
3188,13132,0
2188,13640,0
1004,12108,0
1736,13140,0
2148,14788,0
1164,11836,0
3320,14836,0
3644,13608,0
0,21200,0
2916,7892,0
0,12896,0
4032,13440,0
4688,14320,0
1644,7372,0
256,13128,0
1344,14104,0
1340,13760,0
1380,13204,0
532,13216,0
116,13796,0
472,13752,0
308,13108,0
316,13604,0
796,12520,0
180,12748,0
860,13448,0
772,13772,0
480,13644,0
64,13276,0
0,13460,0
0,13736,0
232,12880,0
724,13092,0
832,12908,0
312,13160,0
0,12068,0
0,13524,0
400,12596,0
172,12988,0
112,14516,0
0,13584,0
392,14076,0
0,12872,0
36,12656,0
236,12852,0
0,12388,0
84,13104,0
728,13104,0
124,12656,0
0,13476,0
0,12796,0
228,13792,0
540,12084,0
2324,12428,0
1808,12524,0
1532,12816,0
1864,14456,0
1428,13244,0
2072,13180,0
2108,13740,0
1496,12880,0
2056,13600,0
0,9056,0
4320,16236,0
1816,12616,0
1320,11720,0
3168,14844,0
388,10712,0
0,13832,0
2164,13568,0
2000,12704,0
1504,12592,0
0,13772,0
632,11976,0
1172,12356,0
0,12460,0
16,12116,0
0,16456,0
0,7976,0
3032,14920,0
0,12804,0
1604,13552,0
344,17856,0
0,12536,0
1472,17208,0
1664,10740,0
1476,14416,0
1532,14092,0
1404,13512,0
0,15808,0
736,12976,0
828,13288,0
876,13288,0
736,13072,0
948,13312,0
1112,13024,0
1060,13076,0
1008,13268,0
1040,13000,0
940,13136,0
844,13132,0
1248,13476,0
924,12968,0
980,13176,0
792,13044,0
688,13180,0
800,13292,0
984,13204,0
1052,13132,0
1288,13320,0
1172,13420,0
1080,13072,0
844,13176,0
752,12884,0
684,12840,0
792,13084,0
720,13044,0
852,13332,0
900,13044,0
928,13332,0
924,13156,0
772,13244,0
1048,13272,0
1000,13152,0
2520,13336,0
1756,13108,0
2728,12852,0
1416,12784,0
2104,13160,0
2060,12560,0
1332,12692,0
1864,13172,0
1520,12872,0
0,13584,0
108,14148,0
1776,13420,0
1604,12532,0
2288,13464,0
1220,12144,0
2252,12036,0
3808,15888,0
5116,9676,0
2720,12588,0
2252,12136,0
1488,13132,0
3132,13556,0
2860,13620,0
2880,14356,0
1524,12276,0
2160,13256,0
2084,12944,0
1168,14324,0
2940,14316,0
3120,14500,0
2588,13908,0
1992,12352,0
2544,12124,0
1380,12992,0
2000,12708,0
1308,12412,0
512,12196,0
856,12716,0
1304,12592,0
1328,13236,0
0,12852,0
0,13060,0
0,12988,0
76,13208,0
368,13136,0
432,13060,0
800,12980,0
1396,13240,0
1672,13252,0
1696,13356,0
1620,13056,0
1484,13288,0
1244,12952,0
1492,13156,0
1188,12928,0
968,12840,0
1116,13148,0
596,13296,0
852,13428,0
640,13436,0
852,13192,0
936,13776,0
936,13468,0
552,13532,0
816,12784,0
560,12724,0
1032,13184,0
956,13564,0
832,13324,0
856,13560,0
396,13332,0
676,12616,0
556,12420,0
440,12628,0
1152,13288,0
892,13292,0
668,12808,0
964,12340,0
3348,14908,0
3772,13944,0
3548,13476,0
3484,13924,0
184,12756,0
468,12284,0
444,12316,0
424,12572,0
680,14436,0
684,13260,0
132,13888,0
236,12260,0
76,12052,0
348,14280,0
424,12516,0
0,12540,0
504,12804,0
0,12232,0
64,13712,0
752,14800,0
0,13004,0
364,13008,0
0,13000,0
636,14064,0
0,13144,0
72,12840,0
0,11776,0
148,12260,0
692,14628,0
848,13620,0
836,13644,0
1208,12468,0
1100,13452,0
1516,13204,0
280,12620,0
1080,14808,0
996,13664,0
996,13744,0
992,13832,0
892,12808,0
512,11924,0
412,12636,0
0,12792,0
0,12188,0
0,12916,0
0,13240,0
0,13736,0
0,13924,0
0,13924,0
0,13952,0
0,13188,0
0,12756,0
152,12684,0
0,12212,0
0,13288,0
0,12904,0
0,12924,0
0,12820,0
0,12956,0
0,13108,0
0,13284,0
0,13248,0
0,13276,0
0,13488,0
0,13420,0
148,13372,0
320,13240,0
408,12756,0
812,13156,0
1084,13036,0
1144,12860,0
1176,12980,0
1308,12796,0
1072,12868,0
1040,11928,0
208,12496,0
168,13352,0
376,13704,0
408,13572,0
948,13328,0
984,13528,0
1512,12356,0
756,12412,0
688,13420,0
1180,13544,0
1352,12856,0
1476,12984,0
1184,13544,0
1500,13324,0
1680,13016,0
1604,13336,0
1476,13140,0
1476,12996,0
1372,12620,0
1584,12176,0
1504,12864,0
1216,13040,0
1528,12652,0
1192,12468,0
1748,13852,0
1636,13556,0
1912,12964,0
1748,13220,0
2108,12880,0
1828,10576,0
764,13324,0
1476,14960,0
2664,11220,0
1632,14744,0
1236,14996,0
3260,12960,0
1884,13480,0
2424,14180,0
3040,12144,0
2164,13192,0
3888,14604,0
3196,12132,0
1244,14368,0
1124,15948,0
816,12396,0
2260,14812,0
336,14428,0
1084,13592,0
1048,12752,0
1932,14844,0
2936,13116,0
1332,13664,0
2412,13312,0
1448,13284,0
2952,13632,0
2432,13204,0
2808,12580,0
2308,12616,0
3204,12708,0
2044,13204,0
836,13808,0
2936,12516,0
1208,13672,0
244,14500,0
2828,14896,0
1716,10976,0
0,12968,0
1592,8280,0
1180,10204,0
396,14680,0
2524,13352,0
2496,14712,0
1408,14004,0
2836,17896,0
976,17716,0
3708,18444,0
3680,13320,0
200,13996,0
0,12648,0
0,10468,0
1648,11956,0
776,10272,0
0,9192,0
436,10296,0
412,10140,0
1028,11656,0
2676,11008,0
1404,12780,0
3184,17396,0
4736,17012,0
3888,17348,0
2592,12444,0
3852,13820,0
2992,14084,0
0,15816,0
24,8516,0
0,15040,0
0,14616,0
2644,16316,0
0,14376,0
1604,12968,0
296,11296,0
2568,12008,0
1684,12296,0
2268,13224,0
2064,14124,0
2840,14580,0
1820,14612,0
3200,14300,0
2620,14700,0
4980,17468,0
0,13296,0
720,10756,0
0,13264,0
0,12580,0
952,13528,0
4080,12584,0
3808,9968,0
496,12532,0
72,15888,0
488,12364,0
440,14272,0
152,14620,0
920,15288,0
0,14576,0
0,12788,0
0,12240,0
500,12788,0
0,12012,0
1648,15108,0
4584,10928,0
0,14148,0
0,16112,0
976,8628,0
864,12828,0
3648,12132,0
2528,12736,0
0,13720,0
0,12300,0
0,12396,0
264,14248,0
0,13124,0
0,12696,0
388,14736,0
0,12536,0
0,13424,0
148,12584,0
948,12392,0
0,11772,0
780,13484,0
0,12888,0
460,13948,0
0,13852,0
532,12488,0
0,12228,0
112,11992,0
0,13356,0
0,16068,0
0,13436,0
1448,16216,0
0,15240,0
132,12756,0
0,12764,0
0,13076,0
0,13692,0
0,13916,0
496,14308,0
940,15268,0
0,15448,0
0,13684,0
0,14280,0
584,12404,0
520,9840,0
436,13076,0
0,14964,0
0,13204,0
0,12464,0
0,11216,0
0,14068,0
52,14700,0
612,15612,0
1152,14432,0
1316,13760,0
1504,12664,0
272,15512,0
0,23188,0
0,16660,0
564,14388,0
644,11192,0
720,11652,0
976,12620,0
0,6240,0
0,10912,0
7344,15156,0
2296,15044,0
2116,14120,0
1856,11604,0
2164,14672,0
1640,12028,0
2468,12088,0
1732,13556,0
596,13104,0
1268,11280,0
1988,12924,0
532,11352,0
1476,11780,0
1864,10532,0
1436,2060,0
1824,11968,0
1440,10536,0
3196,18700,0
2368,11412,0
2028,14980,0
1844,16092,0
2600,11536,0
1540,4932,0
184,13748,0
2816,9660,0
2228,17468,0
440,12216,0
44,13276,0
880,12900,0
220,14692,0
628,13508,0
140,12104,0
928,12324,0
0,14052,0
372,13552,0
0,12400,0
0,13272,0
0,13840,0
1204,10584,0
956,12048,0
1076,14192,0
1204,13136,1
1260,13512,1
1176,13392,1
1060,13500,1
992,13340,1
1108,13104,1
1172,13012,1
964,12952,1
780,12416,1
952,12484,1
1100,12924,1
1048,12792,1
892,13168,1
1228,13448,1
1132,13444,1
1200,13268,1
960,13296,1
1100,12784,1
1084,13092,1
1388,13504,1
956,13808,1
1216,13468,1
1196,13716,1
1108,13292,1
1108,12624,1
1092,12864,1
1196,12792,1
968,13280,1
1060,12948,1
1180,12916,1
1048,13216,1
1048,13272,1
992,12392,1
1204,13060,1
940,12408,1
980,12792,1
1044,12656,1
1216,13240,1
1236,13300,1
956,13236,1
1120,12836,1
1160,12984,1
992,13100,1
1000,13408,1
1140,13216,1
1332,13332,1
1252,13860,1
1184,13480,1
1100,13276,1
1196,13416,1
1192,13584,1
1148,13656,1
1344,13772,1
1388,13436,1
1076,13840,1
1060,13200,1
1088,12624,1
1068,12700,1
1128,12456,1
768,12652,1
1040,12936,1
1148,12672,1
708,12580,1
748,12692,1
1168,12860,1
932,12468,1
1060,12848,1
904,12564,1
1084,12784,1
888,13232,1
1060,13432,1
1228,13084,1
1372,13692,1
1400,13500,1
1012,13796,1
1316,13564,1
1392,13824,1
1248,13596,1
1164,13684,1
1212,13440,1
1216,13568,1
1176,13220,1
756,13148,1
952,12872,1
1128,12816,1
1308,12428,1
928,12936,1
864,13044,1
1196,12600,1
920,12824,1
1092,12368,1
884,12676,1
1156,12704,1
1036,13220,1
1188,13192,1
1208,13412,1
1224,13652,1
1124,13620,1
1048,13320,1
932,13400,1
1316,13280,1
936,13676,1
1260,13360,1
1368,13600,1
1428,13488,1
1128,13784,1
1064,13672,1
1056,12944,1
908,13148,1
928,12892,1
1048,12592,1
1016,12820,1
1192,13148,1
1016,13248,1
856,13448,1
1232,12812,1
948,13096,1
1072,12744,1
1416,13232,1
1132,13576,1
904,12508,1
1036,12872,1
1040,13104,1
920,13548,1
828,13560,1
1032,13348,1
1032,12584,1
988,12920,1
780,13088,1
708,13100,1
996,12656,1
1284,12808,1
1052,12112,1
648,12312,1
876,12768,1
796,12376,1
748,12972,1
888,12480,1
892,12964,1
1012,13448,1
944,13184,1
896,13384,1
1180,13104,1
1376,13380,1
848,13676,1
1024,13108,1
1144,13580,1
1068,14004,1
764,13372,1
1012,13436,1
944,13052,1
1068,12912,1
876,13280,1
908,12920,1
1104,13692,1
920,13788,1
1104,13200,1
1112,13440,1
1328,13588,1
880,13340,1
1008,13132,1
1120,13260,1
1064,13084,1
1076,13084,1
972,12612,1
932,12792,1
1196,12816,1
948,12888,1
932,12528,1
1012,12612,1
1136,12476,1
976,12944,1
900,12820,1
1176,13512,1
1280,13464,1
964,13484,1
1044,13084,1
1256,12872,1
1052,13480,1
836,13040,1
1092,13192,1
1244,13472,1
1188,13500,1
952,13716,1
792,12808,1
1068,12900,1
1076,12872,1
956,13492,1
948,13120,1
1180,13572,1
1028,13220,1
1208,13820,1
1440,13544,1
1032,13952,1
1188,13336,1
1044,13532,1
1152,13356,1
832,13132,1
640,12396,1
1148,13596,1
560,13852,1
-2004,13864,1
480,13196,1
108,13208,1
96,13820,1
556,13404,1
1624,13564,1
1780,13304,1
1112,13248,1
1168,13428,1
884,13544,1
1032,13400,1
988,13688,1
980,13520,1
968,13548,1
1108,13492,1
1064,13600,1
860,13804,1
800,12584,1
552,13428,1
956,13472,1
1092,13220,1
1264,13524,1
892,13460,1
856,13212,1
924,13396,1
1204,13688,1
860,13608,1
1068,13156,1
1104,13084,1
868,13332,1
508,13104,1
156,13372,1
744,13448,1
568,15688,1
1084,12884,1
956,12080,1
848,12688,1
1092,13540,1
816,13308,1
1040,13604,1
1188,13540,1
948,13448,1
664,12792,1
1184,13568,1
1016,13672,1
-756,13716,1
872,15128,1
1428,13000,1
1116,13508,1
1008,13168,1
1088,13668,1
2152,13120,1
728,13184,1
740,12748,1
800,12716,1
1124,12524,1
636,12784,1
2268,13396,1
-152,13656,1
1568,13212,1
1044,12784,1
1084,13544,1
828,13260,1
1080,13180,1
852,12904,1
712,12864,1
976,13688,1
1224,12892,1
1140,13880,1
976,13356,1
1004,13468,1
1144,13684,1
1100,13204,1
1016,12756,1
1008,13564,1
1236,14228,1
1012,12908,1
584,13840,1
692,13520,1
1396,13180,1
1780,13716,1
1360,11560,1
652,14176,1
800,12824,1
1060,12128,1
860,11852,1
1556,12628,1
1864,9984,1
1452,11732,1
892,13380,1
1476,14852,1
740,13428,1
1532,15544,1
1780,11620,1
3064,11492,1
1892,9496,1
1768,11704,1
1128,12564,1
2684,11512,1
1800,12844,1
996,14892,1
692,13588,1
824,12920,1
1720,10296,1
1200,13168,1
-76,12968,1
516,15524,1
780,11504,1
1232,12360,1
1028,14448,1
1428,11000,1
1984,12828,1
1168,13612,1
1996,11460,1
1176,13556,1
1080,11496,1
1308,13520,1
396,15700,1
216,14676,1
804,13528,1
1772,15336,1
684,12780,1
720,14456,1
1536,11860,1
1692,16956,1
1080,12620,1
1204,13200,1
560,14988,1
1364,13704,1
648,12632,1
1388,14360,1
1496,12560,1
1032,15112,1
228,15480,1
1048,12684,1
528,13268,1
892,13332,1
1116,13040,1
732,12916,1
696,11584,1
544,13704,1
636,13880,1
496,14988,1
1036,12204,1
896,17388,1
912,13352,1
936,13976,1
996,15212,1
1824,13216,1
1424,12268,1
1236,14312,1
1408,14120,1
308,14704,1
508,15696,1
924,13388,1
612,14932,1
-56,11880,1
1012,15412,1
828,10356,1
1224,12308,1
-388,12188,1
832,11560,1
416,15244,1
1316,11876,1
1088,13556,1
1636,11240,1
1164,11352,1
816,12792,1
604,14908,1
892,12828,1
1384,14544,1
1776,12952,1
960,11376,1
992,16640,1
1304,14216,1
1784,11280,1
1484,14164,1
2124,14624,1
852,11316,1
1316,15124,1
740,13660,1
1516,12732,1
1304,12808,1
172,13860,1
220,12160,1
-340,14828,1
-48,12824,1
1256,13028,1
1724,14244,1
1620,11896,1
-372,13412,1
968,11432,1
1780,11248,1
1492,10984,1
396,12300,1
264,14832,1
700,12724,1
1716,14492,1
1224,13564,1
1580,12828,1
1068,12380,1
1168,11800,1
2696,12224,1
1764,9956,1
2284,11972,1
1548,13376,1
1044,12732,1
1084,14884,1
836,13620,1
1664,13604,1
1904,13088,1
560,14224,1
600,12932,1
1716,12820,1
932,12428,1
1836,13204,1
1184,12224,1
1560,13280,1
1164,13600,1
360,12968,1
1080,16672,1
1496,12336,1
1756,12568,1
1988,14980,1
2144,15020,1
2396,12772,1
2488,11800,1
2268,12764,1
1360,12652,1
1160,17116,1
1192,12480,1
1380,14000,1
1272,14332,1
1888,11224,1
1268,13740,1
2176,12544,1
1388,12308,1
1880,13504,1
2052,12844,1
1320,14968,1
468,14680,1
1476,13728,1
792,15100,1
1992,13252,1
2564,11284,1
2176,12216,1
436,12956,1
1768,13668,1
2152,13140,1
1224,14452,1
1568,13388,1
1388,12620,1
2300,14132,1
2136,13392,1
1264,14316,1
1216,14196,1
2364,13968,1
1404,14992,1
1784,14140,1
476,12848,1
1368,14080,1
1336,14380,1
1400,12324,1
1748,14520,1
2088,8316,1
2224,10432,1
2492,14308,1
1392,9240,1
1384,13828,1
940,13120,1
460,12352,1
1888,14072,1
836,10888,1
1624,15072,1
2704,9336,1
2588,12416,1
988,11196,1
1616,12716,1
600,14588,1
1876,13668,1
1576,14996,1
844,11416,1
816,14300,1
148,12864,1
7444,11196,1
508,14240,1
596,12512,1
1908,11868,1
2516,10948,1
1452,11232,1
228,13300,1
1108,12348,1
1884,14616,1
2144,15512,1
2080,12192,1
1740,13272,1
2232,15672,1
512,12944,1
852,12716,1
2388,11052,1
1256,12196,1
1088,12872,1
920,13480,1
1172,13796,1
1400,12268,1
2948,11692,1
2408,13128,1
1332,13896,1
1000,11984,1
1384,12276,1
1444,11512,1
2804,12684,1
1468,12420,1
444,13600,1
2408,11188,1
1164,14932,1
1868,11956,1
1720,12736,1
404,13672,1
872,12568,1
1176,10984,1
1612,12368,1
1720,13308,1
2632,13572,1
2824,12204,1
1152,17124,1
2024,11528,1
1996,13868,1
352,12752,1
2592,11832,1
-448,12308,1
2548,12360,1
3384,10800,1
3868,14988,1
-168,12064,1
1892,14264,1
1000,13592,1
836,11448,1
2652,12116,1
-712,12620,1
512,13000,1
2848,15084,1
2200,12208,1
1420,11456,1
464,14468,1
-936,13664,1
1284,12540,1
200,14012,1
876,11944,1
3076,13764,1
832,13280,1
1772,10128,1
2788,11024,1
3736,13736,1
1604,10668,1
2860,16792,1
840,12392,1
328,13704,1
2440,13912,1
496,13432,1
788,11900,1
1864,16184,1
1352,12888,1
876,14256,1
1920,13344,1
1020,11268,1
788,13828,1
844,15460,1
1076,12568,1
112,12672,1
1776,15372,1
2232,17212,1
508,12752,1
172,12308,1
716,11972,1
3000,11244,1
1268,11284,1
420,13720,1
1856,16264,1
972,14236,1
1576,10576,1
1740,10484,1
908,11044,1
-980,11236,1
3088,10980,1
2020,15940,1
892,16504,1
1688,11612,1
1880,10972,1
1880,12696,1
472,11120,1
136,14288,1
228,12744,1
24,11396,1
1676,13524,1
1048,10072,1
976,15328,1
1200,15492,1
1264,14252,1
1412,10272,1
2208,12068,1
3276,12676,1
68,12576,1
2208,11600,1
3164,11484,1
1284,10720,1
1908,10428,1
604,13292,1
1660,14548,1
2376,9656,1
796,11812,1
148,16192,1
-416,12096,1
4348,18564,1
1576,13024,1
1444,12328,1
1828,13168,1
1848,11280,1
996,10444,1
1892,12644,1
432,12716,1
2520,14148,1
76,12208,1
84,12660,1
1920,13884,1
1448,11828,1
340,13576,1
1828,14392,1
1376,16836,1
1312,13740,1
1776,14336,1
648,14616,1
652,10736,1
2236,16668,1
1800,10368,1
608,11904,1
2000,11404,1
576,8748,1
324,10884,1
2672,13320,1
984,11248,1
520,11760,1
836,13016,1
460,13048,1
1764,13560,1
1588,13492,1
272,11924,1
3304,11872,1
568,13104,1
-440,14056,1
148,12912,1
264,11136,1
152,14080,1
1312,17628,1
352,11956,1
2016,13596,1
1168,12704,1
380,13252,1
2320,14980,1
2532,14128,1
1256,13348,1
108,14096,1
628,15404,1
1512,11924,1
1048,12712,1
-16,12452,1
552,9632,1
3412,11488,1
420,12712,1
672,13760,1
504,13096,1
1972,12892,1
1300,12884,1
1364,11920,1
2160,13304,1
-116,14104,1
1480,14208,1
424,14600,1
1992,10692,1
3296,14188,1
528,12264,1
-656,12692,1
1400,12252,1
1576,13092,1
1860,15448,1
544,13440,1
748,16844,1
256,13160,1
792,7088,1
1064,13140,1
2320,13012,1
1092,15012,1
892,13612,1
1096,10632,1
-272,13768,1
584,11708,1
-220,11704,1
-320,12016,1
-380,10148,1
-1964,12420,1
-796,13332,1
260,11720,1
500,15892,1
-580,13684,1
372,15092,1
784,13040,1
604,13620,1
888,14472,1
88,15088,1
232,11672,1
108,15736,1
-640,13384,1
-952,11632,1
2108,11260,1
-280,13372,1
144,13428,1
792,12448,1
-544,13204,1
-944,15204,1
-112,12368,1
-1256,14236,1
824,16240,1
-1596,15740,1
-368,12412,1
-1332,15660,1
-716,13548,1
-1112,15964,1
-556,13648,1
552,14344,1
184,14816,1
-548,12036,1
-452,10964,1
764,15260,1
-888,13232,1
-916,11688,1
-1844,12196,1
-1016,14420,1
-788,16472,1
-400,13268,1
-388,13916,1
-1000,15136,1
-548,12108,1
740,12312,1
-68,15300,1
960,11932,1
660,13040,1
-228,13884,1
-2048,14204,1
40,13236,1
-1036,14408,1
704,13216,1
-2016,15228,1
-3544,15712,1
1020,10004,1
-2748,17356,1
1296,11000,1
-32,13636,1
-704,13496,1
540,13528,1
-300,11532,1
-204,9048,1
1164,13572,1
120,11688,1
2280,14916,1
1176,12028,1
208,13500,1
1052,13068,1
1416,12912,1
1688,12364,1
1368,10320,1
2468,15696,1
2108,13368,1
1980,13832,1
3612,14148,1
-308,11956,1
-52,13572,1
180,15784,1
652,13484,1
740,12656,1
-344,13956,1
-68,12464,1
-296,12332,1
1600,13424,1
1948,17012,1
1784,11612,1
-1444,14852,1
1960,15704,1
1372,11400,1
-580,15592,1
1300,13340,1
1032,14756,1
-764,13188,1
1656,13200,1
1864,13476,1
1476,11908,1
696,11832,1
640,12396,1
2092,14012,1
776,14100,1
1804,16248,1
1184,14436,1
2040,14940,1
164,13772,1
-248,13972,1
1232,13556,1
1436,13584,1
2048,13124,1
416,14176,1
-672,11368,1
2576,12108,1
1216,13852,1
2272,12652,1
800,13120,1
1984,13096,1
-824,14348,1
1216,15380,1
2156,13600,1
1768,12296,1
796,11900,1
-1060,10152,1
840,14076,1
1208,13300,1
1916,12092,1
-492,13140,1
504,14388,1
976,12592,1
552,11468,1
-188,11812,1
1520,13224,1
124,11204,1
-280,13752,1
464,15020,1
1236,13888,1
448,10132,1
1340,10608,1
1156,12884,1
1436,14152,1
1944,13008,1
1888,12468,1
1024,13212,1
984,12856,1
600,13708,1
1648,14032,1
344,12960,1
-1488,18116,1
2540,15796,1
1376,12064,1
76,11492,1
1240,13640,1
1336,11760,1
2176,12676,1
2332,13316,1
1532,14264,1
1152,14256,1
1884,13900,1
1036,12312,1
1508,11844,1
564,12472,1
-620,12852,1
1792,11988,1
600,11640,1
1644,13120,1
864,11640,1
1148,13232,1
1256,15208,1
1540,15420,1
2992,15784,1
360,12552,1
1072,11900,1
280,12240,1
1008,13240,1
616,9788,1
2984,10504,1
1948,10412,1
48,11204,1
2396,10376,1
1560,11708,1
720,10880,1
-972,11668,1
2284,13916,1
2112,15204,1
1508,15420,1
1756,12848,1
864,13524,1
-152,12944,1
904,13140,1
904,14048,1
652,12384,1
252,15008,1
3332,11552,1
676,12816,1
116,12968,1
1456,12932,1
1928,11824,1
-324,12524,1
872,13536,1
2596,14108,1
2296,12924,1
1684,13096,1
-312,14348,1
2316,14720,1
3104,12832,1
1180,11592,1
864,13300,1
1668,13816,1
580,12116,1
916,12032,1
1872,13120,1
488,13032,1
1320,12732,1
1220,12128,1
732,12536,1
1220,11764,1
1232,11080,1
1112,12568,1
1508,14016,1
1260,13412,1
956,12628,1
1724,12580,1
808,13088,1
552,12000,1
1480,12912,1
1944,12532,1
1356,13784,1
2076,12976,1
1692,12008,1
1464,11976,1
1420,11556,1
1236,13200,1
1332,14756,1
1524,13644,1
1104,14340,1
1528,14044,1
1356,13008,1
492,12704,1
928,12732,1
516,13180,1
504,11888,1
300,14300,1
1432,14372,1
1656,14124,1
1444,13272,1
1908,11396,1
3056,13040,1
1624,12224,1
924,13428,1
1616,11640,1
2168,12168,1
2044,12512,1
1224,12616,1
1388,13312,1
2356,12788,1
468,12468,1
1272,14628,1
2092,12832,1
2456,13296,1
2204,12996,1
1284,13064,1
2400,12612,1
1592,12368,1
2688,12864,1
2800,12864,1
2012,11980,1
1612,14588,1
1760,13384,1
1060,13024,1
640,12676,1
1328,12232,1
1612,14196,1
1496,14924,1
2368,14164,1
1240,12772,1
1300,14880,1
1664,12608,1
2028,12972,1
2256,14168,1
1260,12964,1
1860,13240,1
1604,11340,1
1024,14788,1
1468,13452,1
892,14520,1
1144,11488,1
1624,12720,1
1340,12820,1
1528,12532,1
1568,12676,1
2032,13176,1
1500,13492,1
1864,13780,1
1256,11916,1
1660,14368,1
2356,14624,1
688,10964,1
1368,13216,1
824,14104,1
2056,13212,1
392,10240,1
960,11920,1
84,12680,1
996,12256,1
2376,15088,1
1660,14224,1
1012,12684,1
2700,12060,1
1452,11624,1
2392,13604,1
1136,7932,1
588,12180,1
2176,14412,1
1308,13160,1
-712,17264,1
2444,16340,1
-52,12032,1
3040,13768,1
496,13592,1
-116,14492,1
1268,12516,1
1864,10672,1
1088,10848,1
1624,11780,1
1284,9436,1
1732,11164,1
1284,10968,1
456,12652,1
840,14640,1
2748,11184,1
1264,8824,1
3340,11644,1
2996,16156,1
3268,15652,1
3476,11972,1
2308,13264,1
3776,14208,1
3536,17472,1
2176,11400,1
1892,14184,1
2560,13836,1
1912,12416,1
1136,10584,1
3692,13932,1
704,10980,1
240,11988,1
1424,12176,1
1144,15184,1
2884,15144,1
2260,13816,1
912,11924,1
2880,13132,1
3396,13440,1
2556,15548,1
3796,15840,1
3172,12668,1
852,11592,1
1664,13688,1
1716,15020,1
84,12640,1
2404,13068,1
-448,13088,1
1892,11676,1
1100,11044,1
2884,16544,1
1032,11448,1
1084,10640,1
2652,15652,1
1092,11900,1
312,9416,1
756,12164,1
772,10632,1
2764,16048,1
1596,15528,1
2584,14568,1
2168,12872,1
788,11656,1
2780,14456,1
3384,13192,1
3956,13500,1
-340,12564,1
1008,11820,1
1728,9436,1
3280,15568,1
1472,11428,1
1752,10604,1
1452,11188,1
1924,12740,1
2660,12884,1
2224,11928,1
2564,11672,1
1856,15840,1
1804,12992,1
848,11680,1
-16,12176,1
1304,13240,1
1444,12668,1
1128,13352,1
1288,16876,1
60,13060,1
516,13308,1
1416,13492,1
2080,13676,1
776,13880,1
1916,13464,1
464,14892,1
516,12992,1
380,11888,1
1112,11720,1
2232,13968,1
812,12468,1
732,12876,1
596,12724,1
500,13920,1
1876,13908,1
336,13916,1
160,12684,1
1532,12180,1
904,10816,1
1444,13616,1
1276,13988,1
308,12900,1
1744,12644,1
784,12132,1
1056,12580,1
952,13012,1
420,13424,1
1612,12940,1
516,12996,1
1168,13204,1
1892,14552,1
1276,13408,1
840,12772,1
656,13456,1
-344,13792,1
40,12960,1
1224,11064,1
-520,14100,1
1372,11964,1
672,15588,1
1260,13624,1
-140,11752,1
384,14312,1
1464,11760,1
888,12368,1
1252,15852,1
144,13548,1
380,10172,1
708,12568,1
-572,14472,1
128,11460,1
500,13048,1
-328,12132,1
-748,13224,1
192,13872,1
-16,12428,1
512,14276,1
-80,14608,1
1668,13200,1
116,11496,1
696,13208,1
928,13076,1
600,15308,1
884,13052,1
684,13416,1
792,13576,1
1108,14136,1
188,13328,1
48,13896,1
-1296,13640,1
-116,13744,1
-700,13260,1
-496,12924,1
-860,11920,1
44,13020,1
-884,13744,1
176,13220,1
360,14084,1
240,13068,1
-500,13508,1
76,11592,1
-440,13316,1
112,13568,1
104,13276,1
68,12248,1
92,13008,1
0,12408,1
-532,11856,1
-748,7968,1
2656,11296,1
5576,12952,1
-1972,12440,1
-2296,13268,1
380,12056,1
-680,14900,1
-124,13288,1
-464,13088,1
-1128,13360,1
-348,13072,1
-788,14088,1
-96,14792,1
-360,13996,1
280,13644,1
1060,11544,1
1584,12676,1
584,14200,1
564,12608,1
772,12708,1
-404,14372,1
236,13888,1
-24,13720,1
176,12176,1
204,12940,1
712,14184,1
1056,13148,1
1004,12684,1
728,13352,1
688,11696,1
-32,11896,1
-692,20804,1
-976,12512,1
-32,10304,1
-108,11700,1
440,11056,1
-4,14780,1
-620,16276,1
-12,14348,1
-12,12808,1
0,12032,1
264,13928,1
-28,14580,1
-260,14680,1
-28,14932,1
356,14676,1
-24,14180,1
360,13160,1
-8,12772,1
-136,12388,1
-284,11976,1
184,12816,1
244,13688,1
2264,17600,1
424,15408,1
1076,13428,1
332,12160,1
308,11328,1
0,13416,1
1312,14372,1
172,15628,1
2532,18316,1
2388,20316,1
2600,22952,1
4676,22852,1
1888,25056,1
5172,23952,1
4252,17688,1
2384,13248,1
1600,10936,1
1656,10376,1
708,11404,1
2608,13924,1
1652,13896,1
2288,18172,1
1644,20044,1
1084,21688,1
2948,22680,1
1608,22816,1
3316,22624,1
3560,20424,1
3408,17928,1
3440,16752,1
2340,14820,1
2436,15124,1
2732,19308,1
1412,14180,1
864,14532,1
0,12928,1
876,13896,1
2184,15524,1
1584,16028,1
3532,18320,1
3800,21356,1
3732,24468,1
4080,24024,1
3252,21456,1
4140,16416,1
2272,14112,1
2484,11000,1
1544,12360,1
1344,14220,1
1336,16212,1
1556,17736,1
976,19412,1
2384,19712,1
1300,20864,1
2956,19936,1
2960,18976,1
3472,18912,1
3288,17964,1
2660,16776,1
2564,16000,1
1944,16912,1
2972,17836,1
2184,17432,1
2492,17192,1
2824,16272,1
2684,16696,1
2780,17136,1
2160,17740,1
2252,18040,1
2548,18072,1
2972,17740,1
2804,17364,1
2676,17192,1
2748,17748,1
3268,16844,1
2972,17568,1
3280,17280,1
3396,17728,1
3012,17332,1
3232,16848,1
3300,18224,1
3440,18076,1
3664,18140,1
2708,17856,1
3344,17332,1
2552,16832,1
3628,17040,1
2764,16740,1
3092,16932,1
2836,18064,1
3520,17772,1
3256,17148,1
2220,17968,1
2764,17804,1
2656,16628,1
2368,17600,1
3372,17644,1
2628,17504,1
2836,17280,1
2732,17304,1
2732,17116,1
2788,17212,1
2656,16032,1
2068,16312,1
4672,17328,1
4532,17104,1
3776,19036,1
2904,21496,1
5664,22456,1
4396,18840,1
4036,19748,1
7852,21324,1
4848,18068,1
1788,21520,1
9644,7796,1
4456,13832,1
4016,15468,1
1264,16308,1
348,18780,1
2856,22688,1
1704,21672,1
3476,23020,1
2456,19988,1
5992,23324,1
4688,18040,1
2384,16780,1
2164,11272,1
3248,14620,1
2044,13520,1
2420,14124,1
1028,16884,1
556,19076,1
2244,19324,1
772,20352,1
2052,18360,1
1212,18500,1
2992,20668,1
2044,15952,1
1644,17632,1
2228,17284,1
3676,16220,1
1884,14736,1
2400,17684,1
16,19912,1
1756,19252,1
1088,16992,1
1924,18632,1
2568,16132,1
340,14980,1
0,18296,1
0,16620,1
1588,16616,1
1792,18092,1
2184,19420,1
2544,16368,1
2076,17748,1
2796,17844,1
2008,15960,1
784,18380,1
1008,16032,1
1212,19668,1
1120,19552,1
1348,18604,1
2364,17180,1
1320,15944,1
1064,18464,1
2192,15804,1
0,19920,1
1480,17020,1
3264,17264,1
1844,18916,1
1144,19472,1
1100,18212,1
2192,18036,1
1548,18796,1
340,17788,1
436,17820,1
2160,15032,1
1604,16820,1
2156,19660,1
0,16696,1
1776,19104,1
2176,18864,1
636,18608,1
1300,18172,1
2292,18304,1
2756,15596,1
824,15720,1
3352,16596,1
0,17776,1
1588,16516,1
1332,17256,1
0,18684,1
1988,18236,1
2496,19404,1
2144,18868,1
3028,17632,1
864,20088,1
1404,14808,1
220,15104,1
0,14784,1
1556,17936,1
512,15736,1
376,18796,1
2652,19144,1
3108,19620,1
3956,16680,1
1684,16904,1
1808,15828,1
2172,16496,1
128,17356,1
452,18152,1
0,21464,1
0,19960,1
0,17696,1
424,18028,1
2160,16200,1
3744,15668,1
880,18008,1
132,20400,1
1788,17000,1
1020,16536,1
1208,19344,1
1756,17796,1
1532,16184,1
2456,17796,1
1744,20256,1
2312,18804,1
3060,21264,1
900,16588,1
452,16244,1
1320,15416,1
540,17912,1
2256,12200,1
260,13748,1
1144,18656,1
2896,19324,1
1124,18856,1
1756,18428,1
3124,20164,1
1800,17996,1
2236,17652,1
2600,17276,1
2160,16804,1
2344,16824,1
40,17984,1
508,16988,1
0,15004,1
0,17524,1
300,18276,1
812,19668,1
2204,17320,1
1628,18676,1
2668,18484,1
2012,18956,1
2504,18552,1
1912,17732,1
2508,15620,1
2268,19244,1
1244,16444,1
2024,17364,1
2448,16480,1
220,17176,1
156,17168,1
1016,19228,1
924,17928,1
0,17772,1
1788,16848,1
0,17708,1
3412,17472,1
0,20872,1
464,19896,1
0,16876,1
1508,15096,1
0,17804,1
2080,15700,1
960,18672,1
1200,18928,1
1500,18772,1
752,19092,1
576,19332,1
0,17252,1
396,18868,1
2932,17864,1
2984,18092,1
3560,17496,1
2636,16084,1
984,16296,1
1624,17236,1
1776,17488,1
3244,17276,1
1892,18704,1
2320,19128,1
1892,18464,1
3244,15716,1
2740,18564,1
2016,18028,1
2048,18032,1
2396,18152,1
2908,18152,1
2388,17712,1
2416,18136,1
2360,17668,1
1916,17628,1
2192,16900,1
2860,17620,1
1436,14880,1
2120,16376,1
1868,17328,1
2924,19112,1
2616,18988,1
2668,16724,1
3020,18828,1
1704,15672,1
2596,18048,1
2220,19840,1
3620,20368,1
976,18752,1
1680,17388,1
3104,20224,1
1052,15768,1
0,13960,1
4856,14600,1
1884,16656,1
3052,18324,1
616,20716,1
1672,18424,1
2392,20392,1
1732,20364,1
4120,13912,1
2364,17036,1
2132,15732,1
4088,16788,1
1456,14908,1
4000,16768,1
4416,17692,1
3892,18636,1
5492,18896,1
6540,17988,1
4828,15260,1
5588,16728,1
5956,16260,1
5084,15456,1
3968,17768,1
3784,18328,1
4944,18272,1
3760,18044,1
4468,18036,1
4644,17260,1
4508,16932,1
5644,15788,1
4888,15824,1
4620,18176,1
5408,18108,1
3716,17008,1
4080,15892,1
4316,16672,1
6240,16940,1
5364,16452,1
4208,16648,1
2316,17528,1
408,17336,1
972,15104,1
1464,15972,1
2312,16616,1
3272,20108,1
4036,20248,1
1992,18504,1
2520,16320,1
1192,15136,1
384,14148,1
1604,13984,1
1488,14940,1
2108,15300,1
848,18000,1
2336,21032,1
1868,22812,1
1424,19284,1
4400,16024,1
3628,15284,1
1548,14540,1
2516,15708,1
1180,16456,1
1924,18292,1
2228,17072,1
5064,18368,1
2720,19492,1
0,16704,1
3732,14464,1
1448,16932,1
3752,16420,1
848,17136,1
2360,18088,1
2828,17120,1
2088,19196,1
3260,17496,1
2784,16908,1
5096,17704,1
3364,18800,1
3076,15532,1
2776,17556,1
3012,18424,1
2888,18416,1
2972,18248,1
2140,17528,1
4860,15396,1
3180,20080,1
2948,19164,1
2996,18184,1
4116,18580,1
3888,17604,1
3792,17660,1
5720,17484,1
2344,17592,1
3708,18076,1
3772,18372,1
6036,14932,1
4212,16576,1
4872,15444,1
3300,17084,1
4268,17260,1
3492,18648,1
5052,17204,1
3388,18196,1
4280,17248,1
5188,17976,1
3392,17612,1
4060,17596,1
3496,17872,1
4028,16912,1
4148,17444,1
3352,18008,1
3384,16780,1
2344,17644,1
2784,17676,1
2848,17688,1
3112,17848,1
2820,17724,1
2076,17356,1
2060,16820,1
2048,16816,1
1512,16708,1
764,16072,1
1584,16272,1
804,16012,1
432,16152,1
1592,16368,1
1372,17228,1
1272,18024,1
928,18336,1
2340,18432,1
1620,18176,1
2328,18036,1
2288,19040,1
3204,15736,1
3272,17028,1
3120,17760,1
3272,17368,1
3500,16992,1
3508,16820,1
3420,16992,1
3360,16320,1
4108,16620,1
3680,16612,1
3292,17100,1
3664,15928,1
3228,16348,1
3652,15652,1
3700,15892,1
4224,16296,1
4744,16112,1
4420,16896,1
4424,17592,1
4924,18244,1
5268,17420,1
5588,17576,1
5408,17724,1
6648,17240,1
5192,16028,1
5472,17028,1
6084,17068,1
6592,16264,1
6396,16220,1
5904,16608,1
6812,16128,1
6364,16400,1
6228,16832,1
6064,16636,1
6484,16568,1
6164,16624,1
6768,16040,1
6740,16604,1
7072,16448,1
